ADANA Büyükþehir Belediyesi Seçilen Mahalleler

c_SEYHAN_HADIRLI_MAH. = 0.11721814755234028
c_SEYHAN_SEHITDURAN_MAH. = 0.7211723081937939
c_IMAMOGLU_YAZITEPE_MAH. = 0.16160954425386592
x_SEYHAN_HADIRLI_MAH. = 1.0
x_SEYHAN_SEHITDURAN_MAH. = 1.0
x_IMAMOGLU_YAZITEPE_MAH. = 1.0

Optimal objective value: 5.925923683935963e-05
