ANKARA Büyükþehir Belediyesi Seçilen Mahalleler

c_AKYURT_AHMETADIL_MAH. = 0.2666737809758094
c_AKYURT_ATATURK_MAH. = 0.31318174004274874
c_CUBUK_DEMIRCI_MAH. = 0.4201444789814418
x_AKYURT_AHMETADIL_MAH. = 1.0
x_AKYURT_ATATURK_MAH. = 1.0
x_CUBUK_DEMIRCI_MAH. = 1.0

Optimal objective value: 0.00040828679667481715
