AYDIN Büyükþehir Belediyesi Seçilen Mahalleler

c_BOZDOGAN_AKSEKI_MAH. = 0.5903328279660293
c_BOZDOGAN_AKYAKA_MAH. = 0.15159856642173342
c_INCIRLIOVA_ZAFER_MAH. = 0.2580686056122373
x_BOZDOGAN_AKSEKI_MAH. = 1.0
x_BOZDOGAN_AKYAKA_MAH. = 1.0
x_INCIRLIOVA_ZAFER_MAH. = 1.0

Optimal objective value: 0.0007309293450805665
