BURSA Büyükþehir Belediyesi Seçilen Mahalleler

c_MUDANYA_YAYLACIK_MAH. = 0.44123474458980855
c_ORHANELI_OSMANIYECATAK_MAH. = 0.2829738308162953
c_INEGOL_GAZELLI_MAH. = 0.2757914245938961
x_MUDANYA_YAYLACIK_MAH. = 1.0
x_ORHANELI_OSMANIYECATAK_MAH. = 1.0
x_INEGOL_GAZELLI_MAH. = 1.0

Optimal objective value: 0.0007118449334693189
