DENÝZLÝ Büyükþehir Belediyesi Seçilen Mahalleler

c_ACIPAYAM_YENIKOY_MAH. = 0.24063463663794496
c_HONAZ_EMIRAZIZLI_MAH. = 0.3632945729769841
c_TAVAS_YUKARIBOGAZ_MAH. = 0.396070790385071
x_ACIPAYAM_YENIKOY_MAH. = 1.0
x_HONAZ_EMIRAZIZLI_MAH. = 1.0
x_TAVAS_YUKARIBOGAZ_MAH. = 1.0

Optimal objective value: 0.00022444541474253565
