DÝYARBAKIR Büyükþehir Belediyesi Seçilen Mahalleler

c_BAGLAR_5_NISAN_MAH. = 0.6968443321514568
c_BAGLAR_ALANKOZ_MAH. = 0.12755446054089353
c_CINAR_GUMUSTAS_MAH. = 0.17560120730764972
x_BAGLAR_5_NISAN_MAH. = 1.0
x_BAGLAR_ALANKOZ_MAH. = 1.0
x_CINAR_GUMUSTAS_MAH. = 1.0

Optimal objective value: 0.00034296822589108267
