ERZURUM Büyükþehir Belediyesi Seçilen Mahalleler

c_ASKALE_KARASU_MAH. = 0.07212785746158054
c_KARAYAZI_GEVENTEPE_MAH. = 0.06523155065593902
c_YAKUTIYE_SUKRUPASA_MAH. = 0.8626405918824804
x_ASKALE_KARASU_MAH. = 1.0
x_KARAYAZI_GEVENTEPE_MAH. = 1.0
x_YAKUTIYE_SUKRUPASA_MAH. = 1.0

Optimal objective value: 0.000444699444349661
