ESKÝÞEHÝR Büyükþehir Belediyesi Seçilen Mahalleler

c_SEYITGAZI_CATOREN_MAH. = 0.22402318546142752
c_SEYITGAZI_CURUTTUM_MAH. = 0.4215052785287662
c_SIVRIHISAR_BUHARA_MAH. = 0.35447153600980635
x_SEYITGAZI_CATOREN_MAH. = 1.0
x_SEYITGAZI_CURUTTUM_MAH. = 1.0
x_SIVRIHISAR_BUHARA_MAH. = 1.0

Optimal objective value: 0.0005263125107834998
