GAZÝANTEP Büyükþehir Belediyesi Seçilen Mahalleler

c_ARABAN_AKBUDAK_MAH. = 0.10610302384859027
c_ARABAN_AKKOC_MAH. = 0.017857404854890797
c_SEHITKAMIL_CAKMAK_MAH. = 0.8760395712965189
x_ARABAN_AKBUDAK_MAH. = 1.0
x_ARABAN_AKKOC_MAH. = 1.0
x_SEHITKAMIL_CAKMAK_MAH. = 1.0

Optimal objective value: 0.00030745209014027
