HATAY Büyükþehir Belediyesi Seçilen Mahalleler

c_KIRIKHAN_KAMBERLIKAYA_MAH. = 0.38101015016729567
c_KIRIKHAN_KODALLI_MAH. = 0.19565548579271916
c_SAMANDAG_YESILYAZI_MAH. = 0.4233343640399852
x_KIRIKHAN_KAMBERLIKAYA_MAH. = 1.0
x_KIRIKHAN_KODALLI_MAH. = 1.0
x_SAMANDAG_YESILYAZI_MAH. = 1.0

Optimal objective value: 0.0001404081510957278
