Ýstanbul Büyükþehir Belediyesi Seçilen Mahalleler

c_FATIH_SULEYMANIYE_MAH. = 0.4779679940336304
c_FATIH_ISKENDERPASA_MAH. = 0.019316023491037795
c_SANCAKTEPE_MECLIS_MAH. = 0.5027159824753318
x_FATIH_SULEYMANIYE_MAH. = 1.0
x_FATIH_ISKENDERPASA_MAH. = 1.0
x_SANCAKTEPE_MECLIS_MAH. = 1.0

Optimal objective value: 0.0009748698950002854
