ÝZMÝR Büyükþehir Belediyesi Seçilen Mahalleler

c_BERGAMA_BALABAN_MAH. = 0.2197313688045461
c_BERGAMA_GULTEPE_MAH. = 0.03884351578038172
c_KONAK_KONAK_MAH. = 0.7414251154150722
x_BERGAMA_BALABAN_MAH. = 1.0
x_BERGAMA_GULTEPE_MAH. = 1.0
x_KONAK_KONAK_MAH. = 1.0

Optimal objective value: 0.0003294793704241572
