KAHRAMANMARAÞ Büyükþehir Belediyesi Seçilen Mahalleler

c_AFSIN_AFSINBEY_MAH. = 0.6007586793190621
c_ELBISTAN_YAPILI_MAH. = 0.07684373874855592
c_TURKOGLU_GULLUHUYUK_MAH. = 0.322397581932382
x_AFSIN_AFSINBEY_MAH. = 1.0
x_ELBISTAN_YAPILI_MAH. = 1.0
x_TURKOGLU_GULLUHUYUK_MAH. = 1.0

Optimal objective value: 0.00037467737259166967
