KAYSERÝ Büyükþehir Belediyesi Seçilen Mahalleler

c_AKKISLA_ALEVKISLA_MAH. = 0.06864000161354349
c_AKKISLA_GANISEYH_MAH. = 0.1485197801122493
c_YESILHISAR_YAVUZ_SELIM_MAH. = 0.7828402182742072
x_AKKISLA_ALEVKISLA_MAH. = 1.0
x_AKKISLA_GANISEYH_MAH. = 1.0
x_YESILHISAR_YAVUZ_SELIM_MAH. = 1.0

Optimal objective value: 0.0005986590453820329
