KOCAELÝ Büyükþehir Belediyesi Seçilen Mahalleler

c_BASISKELE_ALTINKENT_MAH. = 0.24261991333390914
c_DARICA_NENEHATUN_MAH. = 0.1802118360091826
c_IZMIT_TURGUT_MAH. = 0.5771682506569082
x_BASISKELE_ALTINKENT_MAH. = 1.0
x_DARICA_NENEHATUN_MAH. = 1.0
x_IZMIT_TURGUT_MAH. = 1.0

Optimal objective value: 0.00024059730094561083
