KONYA Büyükþehir Belediyesi Seçilen Mahalleler

c_ILGIN_SADIKKOY_MAH. = 0.2191656805654132
c_KARATAY_NAKIPOGLU_MAH. = 0.7147156797973816
c_KULU_CANIMANA_MAH. = 0.06611863963720525
x_ILGIN_SADIKKOY_MAH. = 1.0
x_KARATAY_NAKIPOGLU_MAH. = 1.0
x_KULU_CANIMANA_MAH. = 1.0

Optimal objective value: 0.0002461127966044696
