MALATYA Büyükþehir Belediyesi Seçilen Mahalleler

c_AKCADAG_AKSARAY_MAH. = 0.29692428986997155
c_AKCADAG_AKSUT_MAH. = 0.03626912131776708
c_YESILYURT_HOCA_AHMET_YESEVI_MAH. = 0.6668065888122614
x_AKCADAG_AKSARAY_MAH. = 1.0
x_AKCADAG_AKSUT_MAH. = 1.0
x_YESILYURT_HOCA_AHMET_YESEVI_MAH. = 1.0

Optimal objective value: 0.0003298592921947563
