MANÝSA Büyükþehir Belediyesi Seçilen Mahalleler

c_AHMETLI_ALAHIDIR_MAH. = 0.046173355695386886
c_AHMETLI_ALTIEYLUL_MAH. = 0.0011888985154147047
c_SEHZADELER_YESILKOY_MAH. = 0.9526377457891984
x_AHMETLI_ALAHIDIR_MAH. = 1.0
x_AHMETLI_ALTIEYLUL_MAH. = 1.0
x_SEHZADELER_YESILKOY_MAH. = 1.0

Optimal objective value: 0.0008489377239871976
