MARDÝN Büyükþehir Belediyesi Seçilen Mahalleler

c_ARTUKLU_13_MART_MAH. = 0.6323373774831227
c_ARTUKLU_ACAR_MAH. = 0.02376263769324638
c_OMERLI_HARMANKAYA_MAH. = 0.34389998482363093
x_ARTUKLU_13_MART_MAH. = 1.0
x_ARTUKLU_ACAR_MAH. = 1.0
x_OMERLI_HARMANKAYA_MAH. = 1.0

Optimal objective value: 0.0008155636377357167
