MERSÝN Büyükþehir Belediyesi Seçilen Mahalleler

c_MUT_YESILYURT_MAH. = 0.17948714209807554
c_TOROSLAR_ISIKTEPE_MAH. = 0.30995024571188606
c_TOROSLAR_SELCUKLAR_MAH. = 0.5105626121900384
x_MUT_YESILYURT_MAH. = 1.0
x_TOROSLAR_ISIKTEPE_MAH. = 1.0
x_TOROSLAR_SELCUKLAR_MAH. = 1.0

Optimal objective value: 8.61272962917603e-05
