MUÐLA Büyükþehir Belediyesi Seçilen Mahalleler

c_BODRUM_AKYARLAR_MAH. = 0.10288920335406626
c_MENTESE_BAYIR_MAH. = 0.5268733509684123
c_MILAS_SEVKETIYE_MAH. = 0.3702374456775214
x_BODRUM_AKYARLAR_MAH. = 1.0
x_MENTESE_BAYIR_MAH. = 1.0
x_MILAS_SEVKETIYE_MAH. = 1.0

Optimal objective value: 0.000300989059538459
