ORDU Büyükþehir Belediyesi Seçilen Mahalleler

c_KABADUZ_GUMUSDERE_MAH. = 0.5086397238975942
c_MESUDIYE_KARACAOREN_MAH. = 0.23243918530690477
c_UNYE_KOCUKLU_MAH. = 0.258921090795501
x_KABADUZ_GUMUSDERE_MAH. = 1.0
x_MESUDIYE_KARACAOREN_MAH. = 1.0
x_UNYE_KOCUKLU_MAH. = 1.0

Optimal objective value: 0.0009728844737452169
