SAKARYA Büyükþehir Belediyesi Seçilen Mahalleler

c_ADAPAZARI_15_TEMMUZ_CAMILI_MAH. = 0.6033297281297115
c_ADAPAZARI_ABALI_MAH. = 0.02349491920233981
c_SOGUTLU_RUSTEMLER_MAH. = 0.37317535266794866
x_ADAPAZARI_15_TEMMUZ_CAMILI_MAH. = 1.0
x_ADAPAZARI_ABALI_MAH. = 1.0
x_SOGUTLU_RUSTEMLER_MAH. = 1.0

Optimal objective value: 0.0004252402932956034
