SAMSUN Büyükþehir Belediyesi Seçilen Mahalleler

c_19_MAYIS_BAHCELIEVLER_MAH. = 0.37437308166120653
c_ILKADIM_HANCERLI_MAH. = 0.6256269183387935
x_19_MAYIS_AYDINPINAR_MAH. = 1.0
x_19_MAYIS_BAHCELIEVLER_MAH. = 1.0
x_ILKADIM_HANCERLI_MAH. = 1.0

Optimal objective value: 0.0004062614541324727
