TEKÝRDAÐ Büyükþehir Belediyesi Seçilen Mahalleler

c_MALKARA_GUNESLI_MAH. = 0.13278267592226925
c_MALKARA_KIREMITLIK_MAH. = 0.36911351859312114
c_CORLU_MAKSUTLU_MAH. = 0.4981038054846096
x_MALKARA_GUNESLI_MAH. = 1.0
x_MALKARA_KIREMITLIK_MAH. = 1.0
x_CORLU_MAKSUTLU_MAH. = 1.0

Optimal objective value: 0.0002612539522206525
