TRABZON Büyükþehir Belediyesi Seçilen Mahalleler

c_HAYRAT_ONUR_MAH. = 0.3405861306529371
c_VAKFIKEBIR_TARLACIK_MAH. = 0.43703615248296945
c_YOMRA_YOKUSLU_MAH. = 0.22237771686409352
x_HAYRAT_ONUR_MAH. = 1.0
x_VAKFIKEBIR_TARLACIK_MAH. = 1.0
x_YOMRA_YOKUSLU_MAH. = 1.0

Optimal objective value: 0.0004119367270449814
