VAN Büyükþehir Belediyesi Seçilen Mahalleler

c_ERCIS_ASAGIAKCAGEDIK_MAH. = 0.20449792460653515
c_GURPINAR_KALKANLI_MAH. = 0.28558974382679125
c_TUSBA_SATIBEY_MAH. = 0.5099123315666736
x_ERCIS_ASAGIAKCAGEDIK_MAH. = 1.0
x_GURPINAR_KALKANLI_MAH. = 1.0
x_TUSBA_SATIBEY_MAH. = 1.0

Optimal objective value: 0.00032531175512695576
