ADIYAMAN Il Genel Meclisi Seçilen Mahalleler

c_ADIYAMAN_MERKEZ_ATAKOY = 0.24395460123947432
c_GERGER_BEYBOSTAN_KOYU = 0.2684698245105652
c_KAHTA_CAYBASI_KOYU = 0.48757557424996045
x_ADIYAMAN_MERKEZ_ATAKOY = 1.0
x_GERGER_BEYBOSTAN_KOYU = 1.0
x_KAHTA_CAYBASI_KOYU = 1.0

Optimal objective value: 0.0004729982317813741
