AFYONKARAHÝSAR Il Genel Meclisi Seçilen Mahalleler

c_SANDIKLI_SUSUZ_KOYU = 0.3133477652215871
c_SINANPASA_CAYHISAR_KOYU = 0.41764398714760126
c_CAY_TEKKE_MAH. = 0.26900824763081166
x_SANDIKLI_SUSUZ_KOYU = 1.0
x_SINANPASA_CAYHISAR_KOYU = 1.0
x_CAY_TEKKE_MAH. = 1.0

Optimal objective value: 0.0007574045238558647
