AKSARAY Il Genel Meclisi Seçilen Mahalleler

c_AKSARAY_MERKEZ_ACIPINAR_KOYU = 0.38112153255276393
c_AKSARAY_MERKEZ_AKHISAR_KOYU = 0.15826604699499144
c_ORTAKOY_YENI_MAH. = 0.46061242045224454
x_AKSARAY_MERKEZ_ACIPINAR_KOYU = 1.0
x_AKSARAY_MERKEZ_AKHISAR_KOYU = 1.0
x_ORTAKOY_YENI_MAH. = 1.0

Optimal objective value: 0.0008680431921055387
