AMASYA Il Genel Meclisi Seçilen Mahalleler

c_AMASYA_MERKEZ_ABACI_KOYU = 0.18070986076490808
c_AMASYA_MERKEZ_AKBILEK_MAH. = 0.550723958973116
c_TASOVA_SOFUALAN_KOYU = 0.26856618026197593
x_AMASYA_MERKEZ_ABACI_KOYU = 1.0
x_AMASYA_MERKEZ_AKBILEK_MAH. = 1.0
x_TASOVA_SOFUALAN_KOYU = 1.0

Optimal objective value: 0.00018621148210751226
