ARDAHAN Il Genel Meclisi Seçilen Mahalleler

c_ARDAHAN_MERKEZ_ATATURK_MAH. = 0.4908244167250497
c_CILDIR_KURTKALE_KOYU = 0.3767909718074272
c_CILDIR_UFUKTEPE_MAH. = 0.13238461146752317
x_ARDAHAN_MERKEZ_ATATURK_MAH. = 1.0
x_CILDIR_KURTKALE_KOYU = 1.0
x_CILDIR_UFUKTEPE_MAH. = 1.0

Optimal objective value: 0.0008011951384827576
