ARTVÝN Il Genel Meclisi Seçilen Mahalleler

c_SAVSAT_DUTLU_KOYU = 0.3775269441788411
c_SAVSAT_PINARLI_KOYU = 0.6224730558211589
x_ARTVIN_MERKEZ_VARLIK_KOYU = 1.0
x_SAVSAT_DUTLU_KOYU = 1.0
x_SAVSAT_PINARLI_KOYU = 1.0

Optimal objective value: 0.0005931040989541891
