AÐRI Il Genel Meclisi Seçilen Mahalleler

c_DOGUBAYAZIT_GOLLER_KOYU = 0.582866878571507
c_PATNOS_SUTLU_PINAR_MAH. = 0.26509899882660987
c_TUTAK_BEYDAMARLI_KOYU = 0.15203412260188318
x_DOGUBAYAZIT_GOLLER_KOYU = 1.0
x_PATNOS_SUTLU_PINAR_MAH. = 1.0
x_TUTAK_BEYDAMARLI_KOYU = 1.0

Optimal objective value: 0.0004735975449385865
