BATMAN Il Genel Meclisi Seçilen Mahalleler

c_BATMAN_MERKEZ_19_MAYIS_MAH. = 0.46394892226582424
c_BATMAN_MERKEZ_AKOBA_KOYU = 0.27701134636079633
c_SASON_SIRINEVLER_MAH. = 0.2590397313733794
x_BATMAN_MERKEZ_19_MAYIS_MAH. = 1.0
x_BATMAN_MERKEZ_AKOBA_KOYU = 1.0
x_SASON_SIRINEVLER_MAH. = 1.0

Optimal objective value: 0.0009624290400029878
