BAYBURT Il Genel Meclisi Seçilen Mahalleler

c_AYDINTEPE_AKBULUT_KOYU = 0.442492447746864
c_BAYBURT_MERKEZ_SOGUTLU_KOYU = 0.09174004973211436
c_DEMIROZU_SIRIN_MAH. = 0.4657675025210216
x_AYDINTEPE_AKBULUT_KOYU = 1.0
x_BAYBURT_MERKEZ_SOGUTLU_KOYU = 1.0
x_DEMIROZU_SIRIN_MAH. = 1.0

Optimal objective value: 0.0008843139487398899
