BÝLECÝK Il Genel Meclisi Seçilen Mahalleler

c_GOLPAZARI_KARACALAR_KOYU = 0.19255842751379684
c_OSMANELI_BEREKET_KOYU = 0.1811731158120545
c_INHISAR_HARMANKOY = 0.6262684566741487
x_GOLPAZARI_KARACALAR_KOYU = 1.0
x_OSMANELI_BEREKET_KOYU = 1.0
x_INHISAR_HARMANKOY = 1.0

Optimal objective value: 0.0005955189507558245
