BOLU Il Genel Meclisi Seçilen Mahalleler

c_BOLU_MERKEZ_AFSAR_KOYU = 0.481197895871891
c_BOLU_MERKEZ_AHMETLER_KOYU = 0.3720721248778782
c_GEREDE_SALUR_KOYU = 0.14672997925023074
x_BOLU_MERKEZ_AFSAR_KOYU = 1.0
x_BOLU_MERKEZ_AHMETLER_KOYU = 1.0
x_GEREDE_SALUR_KOYU = 1.0

Optimal objective value: 0.0008172882952387495
