BURDUR Il Genel Meclisi Seçilen Mahalleler

c_BUCAK_ANBAHAN_KOYU = 0.48181748728452123
c_TEFENNI_BAYRAMLAR_KOYU = 0.20720880944983933
c_YESILOVA_BEYKOY = 0.3109737032656394
x_BUCAK_ANBAHAN_KOYU = 1.0
x_TEFENNI_BAYRAMLAR_KOYU = 1.0
x_YESILOVA_BEYKOY = 1.0

Optimal objective value: 0.00014385090161017633
