DÜZCE Il Genel Meclisi Seçilen Mahalleler

c_AKCAKOCA_AKKAYA_KOYU = 0.42121694492167827
c_AKCAKOCA_AKTAS_KOYU = 0.2707372607049685
c_CILIMLI_KIRAZTARLA_KOYU = 0.3080457943733532
x_AKCAKOCA_AKKAYA_KOYU = 1.0
x_AKCAKOCA_AKTAS_KOYU = 1.0
x_CILIMLI_KIRAZTARLA_KOYU = 1.0

Optimal objective value: 0.0009391913634816396
