EDÝRNE Il Genel Meclisi Seçilen Mahalleler

c_KESAN_DISBUDAK_KOYU = 0.6289527846911036
c_KESAN_CELEBI_KOYU = 0.19953113463759573
c_MERIC_-_KUPLU_KUPLU-MERKEZ_MAH. = 0.17151608067130067
x_KESAN_DISBUDAK_KOYU = 1.0
x_KESAN_CELEBI_KOYU = 1.0
x_MERIC_-_KUPLU_KUPLU-MERKEZ_MAH. = 1.0

Optimal objective value: 0.0006741721932065348
