ELAZIÐ Il Genel Meclisi Seçilen Mahalleler

c_ELAZIG_MERKEZ_GOZEBASI_KOYU = 0.8270135689694786
c_ELAZIG_MERKEZ_KARASAZ_KOYU = 0.11271084364786187
c_SIVRICE_YEDIPINAR_KOYU = 0.06027558738265952
x_ELAZIG_MERKEZ_GOZEBASI_KOYU = 1.0
x_ELAZIG_MERKEZ_KARASAZ_KOYU = 1.0
x_SIVRICE_YEDIPINAR_KOYU = 1.0

Optimal objective value: 0.0006810720476818632
