ERZÝNCAN Il Genel Meclisi Seçilen Mahalleler

c_ERZINCAN_MERKEZ_FATIH_MAH. = 0.7016425178953221
c_KEMALIYE_AKSOGUT_KOYU = 0.12287142262540302
c_CAYIRLI_SAYGILI_KOYU = 0.17548605947927484
x_ERZINCAN_MERKEZ_FATIH_MAH. = 1.0
x_KEMALIYE_AKSOGUT_KOYU = 1.0
x_CAYIRLI_SAYGILI_KOYU = 1.0

Optimal objective value: 0.0005138659908311416
