GÝRESUN Il Genel Meclisi Seçilen Mahalleler

c_BULANCAK_BALLICA_MAH. = 0.434319327129471
c_KESAP_BAYRAMBEY_KOYU = 0.4191112832491259
c_SEBINKARAHISAR_TOKLUAGIL_KOYU = 0.14656938962140315
x_BULANCAK_BALLICA_MAH. = 1.0
x_KESAP_BAYRAMBEY_KOYU = 1.0
x_SEBINKARAHISAR_TOKLUAGIL_KOYU = 1.0

Optimal objective value: 0.0007128813519380328
