GÜMÜÞHANE Il Genel Meclisi Seçilen Mahalleler

c_GUMUSHANE_MERKEZ_YAYDEMIR_KOYU = 0.20198002055228886
c_KELKIT_AGLIK_KOYU = 0.17957692972390243
c_TORUL_HEREK_KOYU = 0.6184430497238087
x_GUMUSHANE_MERKEZ_YAYDEMIR_KOYU = 1.0
x_KELKIT_AGLIK_KOYU = 1.0
x_TORUL_HEREK_KOYU = 1.0

Optimal objective value: 0.0004241174755514887
