IÐDIR Il Genel Meclisi Seçilen Mahalleler

c_ARALIK_ASAGICIFTLIK_KOYU = 0.2355483266960658
c_IGDIR_MERKEZ_YENI_MAH. = 0.4715028355371433
c_TUZLUCA_KILICLI_KOYU = 0.2929488377667909
x_ARALIK_ASAGICIFTLIK_KOYU = 1.0
x_IGDIR_MERKEZ_YENI_MAH. = 1.0
x_TUZLUCA_KILICLI_KOYU = 1.0

Optimal objective value: 0.0008125872747689611
