KARAMAN Il Genel Meclisi Seçilen Mahalleler

c_KARAMAN_MERKEZ_CELTEK_MAH. = 0.6820185307395907
c_KARAMAN_MERKEZ_OZDEMIR_KOYU = 0.031276759538756194
c_SARIVELILER_CIVLER_KOYU = 0.2867047097216531
x_KARAMAN_MERKEZ_CELTEK_MAH. = 1.0
x_KARAMAN_MERKEZ_OZDEMIR_KOYU = 1.0
x_SARIVELILER_CIVLER_KOYU = 1.0

Optimal objective value: 0.00016171691518385156
