KASTAMONU Il Genel Meclisi Seçilen Mahalleler

c_KASTAMONU_MERKEZ_ISMAILBEY_MAH. = 0.3483819703898121
c_TASKOPRU_ALASOKU_KOYU = 0.22423117359261965
c_INEBOLU_SOGUKPINAR_KOYU = 0.4273868560175682
x_KASTAMONU_MERKEZ_ISMAILBEY_MAH. = 1.0
x_TASKOPRU_ALASOKU_KOYU = 1.0
x_INEBOLU_SOGUKPINAR_KOYU = 1.0

Optimal objective value: 0.00013751243764781318
