KIRIKKALE Il Genel Meclisi Seçilen Mahalleler

c_DELICE_BOZKOY = 0.14197379161836599
c_KIRIKKALE_MERKEZ_KARSIYAKA_MAH. = 0.7619349601215805
c_CELEBI_FATIH_MAH. = 0.09609124826005351
x_DELICE_BOZKOY = 1.0
x_KIRIKKALE_MERKEZ_KARSIYAKA_MAH. = 1.0
x_CELEBI_FATIH_MAH. = 1.0

Optimal objective value: 0.00043758275628114074
