KIRÞEHÝR Il Genel Meclisi Seçilen Mahalleler

c_KIRSEHIR_MERKEZ_BAGBASI_MAH. = 0.7488640009214443
c_MUCUR_KUCUKBURNAGIL_KOYU = 0.1968754422255947
c_CICEKDAGI_IBIKLI_KOYU = 0.05426055685296096
x_KIRSEHIR_MERKEZ_BAGBASI_MAH. = 1.0
x_MUCUR_KUCUKBURNAGIL_KOYU = 1.0
x_CICEKDAGI_IBIKLI_KOYU = 1.0

Optimal objective value: 0.00018703479637360854
