KÝLÝS Il Genel Meclisi Seçilen Mahalleler

c_ELBEYLI_INONU_MAH. = 0.18760414091026412
c_KILIS_MERKEZ_EKREM_CETIN_MAH. = 0.5963841430334593
c_MUSABEYLI_UGURTEPE_KOYU = 0.21601171605627656
x_ELBEYLI_INONU_MAH. = 1.0
x_KILIS_MERKEZ_EKREM_CETIN_MAH. = 1.0
x_MUSABEYLI_UGURTEPE_KOYU = 1.0

Optimal objective value: 0.0005061229494816022
