KÜTAHYA Il Genel Meclisi Seçilen Mahalleler

c_HISARCIK_SEYHCAKIR_KOYU = 0.23371427518823595
c_KUTAHYA_MERKEZ_ISTIKLAL_MAH. = 0.6071051529091712
c_SIMAV_HIDIRDIVANI_KOYU = 0.15918057190259283
x_HISARCIK_SEYHCAKIR_KOYU = 1.0
x_KUTAHYA_MERKEZ_ISTIKLAL_MAH. = 1.0
x_SIMAV_HIDIRDIVANI_KOYU = 1.0

Optimal objective value: 0.0004933624084043631
