MUÞ Il Genel Meclisi Seçilen Mahalleler

c_MUS_MERKEZ_CEVIZLIDERE_KOYU = 0.19110040104012882
c_MUS_MERKEZ_KUMLUCA_KOYU = 0.09927870573201047
c_VARTO_GUMGUM_MAH. = 0.7096208932278607
x_MUS_MERKEZ_CEVIZLIDERE_KOYU = 1.0
x_MUS_MERKEZ_KUMLUCA_KOYU = 1.0
x_VARTO_GUMGUM_MAH. = 1.0

Optimal objective value: 0.0003643995241694453
