NEVÞEHÝR Il Genel Meclisi Seçilen Mahalleler

c_ACIGOL_YUVA_KOYU = 0.31717094033012166
c_KOZAKLI_BUYUKYAGLI_KOYU = 0.18946928254836654
c_KOZAKLI_CAGSAK_KOYU = 0.4933597771215118
x_ACIGOL_YUVA_KOYU = 1.0
x_KOZAKLI_BUYUKYAGLI_KOYU = 1.0
x_KOZAKLI_CAGSAK_KOYU = 1.0

Optimal objective value: 0.00023045350277339782
