OSMANÝYE Il Genel Meclisi Seçilen Mahalleler

c_BAHCE_CAMLICA_MAH. = 0.3822060263368028
c_KADIRLI_MEZRETLI_KOYU = 0.3636555355803513
c_SUMBAS_YAZIBOYU_KOYU = 0.254138438082846
x_BAHCE_CAMLICA_MAH. = 1.0
x_KADIRLI_MEZRETLI_KOYU = 1.0
x_SUMBAS_YAZIBOYU_KOYU = 1.0

Optimal objective value: 0.0006387491603699891
