SÝVAS Il Genel Meclisi Seçilen Mahalleler

c_KANGAL_RESADIYE_MAH. = 0.476075403091047
c_SIVAS_MERKEZ_KARAYUN_KOYU = 0.44443764115583995
c_YILDIZELI_SARICAL_KOYU = 0.07948695575311308
x_KANGAL_RESADIYE_MAH. = 1.0
x_SIVAS_MERKEZ_KARAYUN_KOYU = 1.0
x_YILDIZELI_SARICAL_KOYU = 1.0

Optimal objective value: 0.0009068007768877617
