SÝNOP Il Genel Meclisi Seçilen Mahalleler

c_BOYABAT_KARACAOREN_KOYU = 0.4313555740785664
c_BOYABAT_YESILKOY = 0.07104372619105087
c_GERZE_YENI_MAH. = 0.4976006997303828
x_BOYABAT_KARACAOREN_KOYU = 1.0
x_BOYABAT_YESILKOY = 1.0
x_GERZE_YENI_MAH. = 1.0

Optimal objective value: 0.00023254754992141358
