TOKAT Il Genel Meclisi Seçilen Mahalleler

c_NIKSAR_SARIYAZI_KOYU = 0.39357927553432753
c_TOKAT_MERKEZ_AKDEGIRMEN_MAH. = 0.4282960992003763
c_ZILE_ACIPINAR_KOYU = 0.17812462526529618
x_NIKSAR_SARIYAZI_KOYU = 1.0
x_TOKAT_MERKEZ_AKDEGIRMEN_MAH. = 1.0
x_ZILE_ACIPINAR_KOYU = 1.0

Optimal objective value: 0.0004907338995616684
