TUNCELÝ Il Genel Meclisi Seçilen Mahalleler

c_PERTEK_SAGMAN_KOYU = 0.1826594783799026
c_PULUMUR_MEZRAA_KOYU = 0.23031106214403763
c_TUNCELI_MERKEZ_CUMHURIYET_MAH. = 0.5870294594760598
x_PERTEK_SAGMAN_KOYU = 1.0
x_PULUMUR_MEZRAA_KOYU = 1.0
x_TUNCELI_MERKEZ_CUMHURIYET_MAH. = 1.0

Optimal objective value: 0.0009548839358981542
