UÞAK Il Genel Meclisi Seçilen Mahalleler

c_ESME_YAYLAKOY = 0.23744478736941954
c_ULUBEY_SOGUTLU_KOYU = 0.20739110437013353
c_USAK_MERKEZ_HALILEFENDICIFTLIGI_KOYU = 0.5551641082604469
x_ESME_YAYLAKOY = 1.0
x_ULUBEY_SOGUTLU_KOYU = 1.0
x_USAK_MERKEZ_HALILEFENDICIFTLIGI_KOYU = 1.0

Optimal objective value: 0.0007860844957288116
