ÇANAKKALE Il Genel Meclisi Seçilen Mahalleler

c_AYVACIK_BEKTAS_KOYU = 0.32846456881277947
c_BAYRAMIC_GEDIK_KOYU = 0.31142165637743907
c_BIGA_SELVI_KOYU = 0.36011377480978146
x_AYVACIK_BEKTAS_KOYU = 1.0
x_BAYRAMIC_GEDIK_KOYU = 1.0
x_BIGA_SELVI_KOYU = 1.0

Optimal objective value: 9.270933771143852e-05
