ÇANKIRI Il Genel Meclisi Seçilen Mahalleler

c_ILGAZ_HACIHASAN_KOYU = 0.6964846922756509
c_ORTA_KALFAT_KOYU = 0.3035153077243491
x_ILGAZ_HACIHASAN_KOYU = 1.0
x_ILGAZ_YALAYCIK_KOYU = 1.0
x_ORTA_KALFAT_KOYU = 1.0

Optimal objective value: 0.0009212328257990343
