ÇORUM Il Genel Meclisi Seçilen Mahalleler

c_ALACA_AKPINAR_KOYU = 0.20246447468273093
c_ALACA_AKCAKOY = 0.13471053780851966
c_ISKILIP_YAVU_KOYU = 0.6628249875087494
x_ALACA_AKPINAR_KOYU = 1.0
x_ALACA_AKCAKOY = 1.0
x_ISKILIP_YAVU_KOYU = 1.0

Optimal objective value: 0.00030866826495823396
