ADANA SEYHAN Belediye Meclisi Seçilen Mahalleler

c_SALMANBEYLI_MAH. = 0.21765804973452973
c_YENIDAM_MAH. = 0.7823419502654703
x_SALMANBEYLI_MAH. = 1.0
x_YENIDAM_MAH. = 1.0

Optimal objective value: 0.0018122244440099688
