ADANA SAÝMBEYLÝ Belediye Meclisi Seçilen Mahalleler

c_CERALAN_MAH. = 0.6143267946471542
c_ISLAM_MAH. = 0.3856732053528457
x_CERALAN_MAH. = 1.0
x_ISLAM_MAH. = 1.0

Optimal objective value: 0.0029127019021364386
