ADANA ÇUKUROVA Belediye Meclisi Seçilen Mahalleler

c_BELEDIYE_EVLERI_MAH. = 0.40215543854172975
c_BEYAZEVLER_MAH. = 0.5978445614582703
x_BELEDIYE_EVLERI_MAH. = 1.0
x_BEYAZEVLER_MAH. = 1.0

Optimal objective value: 0.001909166275903651
