ADANA YUMURTALIK Belediye Meclisi Seçilen Mahalleler

c_AKDENIZ_MAH. = 0.33587557004859714
c_YUMURTALIK_MAH. = 0.6641244299514029
x_AKDENIZ_MAH. = 1.0
x_YUMURTALIK_MAH. = 1.0

Optimal objective value: 0.0010123661219648694
