ADANA POZANTI Belediye Meclisi Seçilen Mahalleler

c_HAMIDIYE_MAH. = 0.6827331097501581
c_YUKARIBELEMEDIK_MAH. = 0.3172668902498419
x_HAMIDIYE_MAH. = 1.0
x_YUKARIBELEMEDIK_MAH. = 1.0

Optimal objective value: 0.0008378877644946714
