ADANA KARAÝSALI Belediye Meclisi Seçilen Mahalleler

c_DOSEKEVI_MAH. = 0.4257051221092647
c_COCUKLAR_MAH. = 0.5742948778907353
x_DOSEKEVI_MAH. = 1.0
x_COCUKLAR_MAH. = 1.0

Optimal objective value: 0.0008045347295411176
