ADANA TUFANBEYLÝ Belediye Meclisi Seçilen Mahalleler

c_KAYAPINAR_MAH. = 0.735283529052031
c_TASPINAR_MAH. = 0.26471647094796896
x_KAYAPINAR_MAH. = 1.0
x_TASPINAR_MAH. = 1.0

Optimal objective value: 0.00791271477664146
