ADANA CEYHAN Belediye Meclisi Seçilen Mahalleler

c_TATLIKUYU_MAH. = 0.7544259250931876
c_INONU_MAH. = 0.24557407490681238
x_TATLIKUYU_MAH. = 1.0
x_INONU_MAH. = 1.0

Optimal objective value: 0.0010913756905004401
