ADANA KOZAN Belediye Meclisi Seçilen Mahalleler

c_BULDUKLU_MAH. = 0.19001442094509113
c_DAMYERI_MAH. = 0.8099855790549089
x_BULDUKLU_MAH. = 1.0
x_DAMYERI_MAH. = 1.0

Optimal objective value: 0.001743013629389556
