ADANA ALADAÐ Belediye Meclisi Seçilen Mahalleler

c_KICAK_MAH. = 0.7552427289091548
c_KUP_MAH. = 0.24475727109084525
x_KICAK_MAH. = 1.0
x_KUP_MAH. = 1.0

Optimal objective value: 0.0005222805205581382
