ADANA FEKE Belediye Meclisi Seçilen Mahalleler

c_BAGDATLI_MAH. = 0.3676750203628991
c_KISACIKLI_MAH. = 0.6323249796371009
x_BAGDATLI_MAH. = 1.0
x_KISACIKLI_MAH. = 1.0

Optimal objective value: 0.004223197681384017
