ADIYAMAN GÖLBAÞI Belediye Meclisi Seçilen Mahalleler

c_ASFALT_MAH. = 0.3585886806062303
c_KURUGECIT_MAH. = 0.6414113193937697
x_ASFALT_MAH. = 1.0
x_KURUGECIT_MAH. = 1.0

Optimal objective value: 0.018121901254959938
