ADIYAMAN ADIYAMAN MERKEZ Belediye Meclisi Seçilen Mahalleler

c_KAYALIK_MAH. = 0.6438353469161482
c_YUNUS_EMRE_MAH. = 0.35616465308385176
x_KAYALIK_MAH. = 1.0
x_YUNUS_EMRE_MAH. = 1.0

Optimal objective value: 0.0037714369105675827
