ADIYAMAN ÇELÝKHAN Belediye Meclisi Seçilen Mahalleler

c_BAHCELI_EVLER_MAH. = 0.3142579557675391
c_ZAFER_MAH. = 0.6857420442324609
x_BAHCELI_EVLER_MAH. = 1.0
x_ZAFER_MAH. = 1.0

Optimal objective value: 0.002384016573338532
