ADIYAMAN SÝNCÝK - ÝNLÝCE Belediye Meclisi Seçilen Mahalleler

c_INLICE-KARADAG_MAH. = 0.3197733859369456
c_INLICE-CUKAN_MAH. = 0.6802266140630544
x_INLICE-KARADAG_MAH. = 1.0
x_INLICE-CUKAN_MAH. = 1.0

Optimal objective value: 0.03283616047275828
