ADIYAMAN SAMSAT Belediye Meclisi Seçilen Mahalleler

c_YAVUZ_SELIM_MAH. = 0.8012592403212742
c_ORENTAS_MAH. = 0.19874075967872584
x_YAVUZ_SELIM_MAH. = 1.0
x_ORENTAS_MAH. = 1.0

Optimal objective value: 0.0008003419185793614
