ADIYAMAN BESNÝ - ÞAMBAYAT Belediye Meclisi Seçilen Mahalleler

c_SAMBAYAT-FATIH_MAH. = 0.35415205468295063
c_SAMBAYAT-MENDERES_MAH. = 0.6458479453170494
x_SAMBAYAT-FATIH_MAH. = 1.0
x_SAMBAYAT-MENDERES_MAH. = 1.0

Optimal objective value: 0.0009550197225902668
