ADIYAMAN BESNÝ Belediye Meclisi Seçilen Mahalleler

c_KAYMAKAM_HASAN_TUTUN_MAH. = 0.571774275817724
c_KORUPINAR_MAH. = 0.42822572418227606
x_KAYMAKAM_HASAN_TUTUN_MAH. = 1.0
x_KORUPINAR_MAH. = 1.0

Optimal objective value: 0.0005601203733438531
