ADIYAMAN ADIYAMAN MERKEZ - KÖMÜR Belediye Meclisi Seçilen Mahalleler

c_KOMUR-GAZI_MAH. = 0.44115960710144386
c_KOMUR-HURRIYET_MAH. = 0.5588403928985561
x_KOMUR-GAZI_MAH. = 1.0
x_KOMUR-HURRIYET_MAH. = 1.0

Optimal objective value: 0.03742595258358661
