ADIYAMAN GERGER Belediye Meclisi Seçilen Mahalleler

c_MERKEZ_MAH. = 0.6920524158646226
c_YENI_MAH. = 0.3079475841353774
x_MERKEZ_MAH. = 1.0
x_YENI_MAH. = 1.0

Optimal objective value: 0.00034666953100381814
