AFYONKARAHÝSAR HOCALAR Belediye Meclisi Seçilen Mahalleler

c_HURRIYET_MAH. = 0.29954013720611783
c_YENI_MAH. = 0.7004598627938822
x_HURRIYET_MAH. = 1.0
x_YENI_MAH. = 1.0

Optimal objective value: 0.001034080561600259
