AFYONKARAHÝSAR ÇAY Belediye Meclisi Seçilen Mahalleler

c_ALI_IHSAN_PASA_MAH. = 0.571216574340102
c_SIRINEVLER_MAH. = 0.428783425659898
x_ALI_IHSAN_PASA_MAH. = 1.0
x_SIRINEVLER_MAH. = 1.0

Optimal objective value: 0.0011083564880274288
