AFYONKARAHÝSAR SÝNANPAÞA - KIRKA Belediye Meclisi Seçilen Mahalleler

c_KIRKA-ATATURK_MAH. = 0.7430470151477994
c_KIRKA-FATIH_MAH. = 0.25695298485220064
x_KIRKA-ATATURK_MAH. = 1.0
x_KIRKA-FATIH_MAH. = 1.0

Optimal objective value: 0.00024730618404356086
