AFYONKARAHÝSAR SÝNANPAÞA - AKÖREN Belediye Meclisi Seçilen Mahalleler

c_AKOREN-BAGDAT_MAH. = 0.5611031663108168
c_AKOREN-FATIH_MAH. = 0.4388968336891832
x_AKOREN-BAGDAT_MAH. = 1.0
x_AKOREN-FATIH_MAH. = 1.0

Optimal objective value: 0.0009596156396115552
