AFYONKARAHÝSAR SULTANDAÐI Belediye Meclisi Seçilen Mahalleler

c_YENI_MAH. = 0.5550982723783744
c_YILDIRIM_MAH. = 0.4449017276216256
x_YENI_MAH. = 1.0
x_YILDIRIM_MAH. = 1.0

Optimal objective value: 0.0014320823793381177
