AFYONKARAHÝSAR ÝHSANÝYE - DÖÐER Belediye Meclisi Seçilen Mahalleler

c_DOGER-FATIH_MAH. = 0.24156043433893795
c_DOGER-KERVANSARAY_MAH. = 0.7584395656610621
x_DOGER-FATIH_MAH. = 1.0
x_DOGER-KERVANSARAY_MAH. = 1.0

Optimal objective value: 0.00010211236782553534
