AFYONKARAHÝSAR BOLVADÝN - DÝÞLÝ Belediye Meclisi Seçilen Mahalleler

c_DISLI-KOPRUBASI_MAH. = 0.39767978822208616
c_DISLI-YUKARI_MAH. = 0.6023202117779138
x_DISLI-KOPRUBASI_MAH. = 1.0
x_DISLI-YUKARI_MAH. = 1.0

Optimal objective value: 0.0019081565161869207
