AFYONKARAHÝSAR SÝNANPAÞA - DÜZAÐAÇ Belediye Meclisi Seçilen Mahalleler

c_DUZAGAC-FATIH_MAH. = 0.49866377852765575
c_DUZAGAC-ISIK_MAH. = 0.5013362214723442
x_DUZAGAC-FATIH_MAH. = 1.0
x_DUZAGAC-ISIK_MAH. = 1.0

Optimal objective value: 0.011181682371793067
