AFYONKARAHÝSAR BAYAT Belediye Meclisi Seçilen Mahalleler

c_HURRIYET_MAH. = 0.37567149557471013
c_YENI_MAH. = 0.6243285044252899
x_HURRIYET_MAH. = 1.0
x_YENI_MAH. = 1.0

Optimal objective value: 0.01579154781922676
