AFYONKARAHÝSAR ÇOBANLAR Belediye Meclisi Seçilen Mahalleler

c_GOLCUK_MAH. = 0.3217047884866657
c_KARADEDE_MAH. = 0.6782952115133343
x_GOLCUK_MAH. = 1.0
x_KARADEDE_MAH. = 1.0

Optimal objective value: 0.0009785611084505152
