AFYONKARAHÝSAR SÝNANPAÞA Belediye Meclisi Seçilen Mahalleler

c_AKPINAR_MAH. = 0.38333561240280656
c_ALI_CETINKAYA_MAH. = 0.6166643875971934
x_AKPINAR_MAH. = 1.0
x_ALI_CETINKAYA_MAH. = 1.0

Optimal objective value: 0.0016513079829164612
