AFYONKARAHÝSAR BAÞMAKÇI Belediye Meclisi Seçilen Mahalleler

c_GULISTAN_MAH. = 0.13952237052437944
c_YENI_MAH. = 0.8604776294756206
x_GULISTAN_MAH. = 1.0
x_YENI_MAH. = 1.0

Optimal objective value: 0.0009823466954096416
