AFYONKARAHÝSAR BOLVADÝN Belediye Meclisi Seçilen Mahalleler

c_KONAK_MAH. = 0.7254621836395999
c_SELCUKLU_MAH. = 0.2745378163604001
x_KONAK_MAH. = 1.0
x_SELCUKLU_MAH. = 1.0

Optimal objective value: 0.0008317125865130448
