AFYONKARAHÝSAR DÝNAR - HAYDARLI Belediye Meclisi Seçilen Mahalleler

c_HAYDARLI-YENI_MAH. = 0.6952514286330893
c_HAYDARLI-ORNEK_MAH. = 0.30474857136691075
x_HAYDARLI-YENI_MAH. = 1.0
x_HAYDARLI-ORNEK_MAH. = 1.0

Optimal objective value: 0.0012064001330320817
