AFYONKARAHÝSAR DÝNAR Belediye Meclisi Seçilen Mahalleler

c_ADLIYE_MAH. = 0.45922886107807903
c_HURRIYET_MAH. = 0.540771138921921
x_ADLIYE_MAH. = 1.0
x_HURRIYET_MAH. = 1.0

Optimal objective value: 0.0007180428730542143
