AFYONKARAHÝSAR EVCÝLER Belediye Meclisi Seçilen Mahalleler

c_CAMIKEBIR_MAH. = 0.49072215378878237
c_FATIH_MAH. = 0.5092778462112176
x_CAMIKEBIR_MAH. = 1.0
x_FATIH_MAH. = 1.0

Optimal objective value: 0.000526221891194778
