AFYONKARAHÝSAR DAZKIRI Belediye Meclisi Seçilen Mahalleler

c_YESILYURT_MAH. = 0.7994738664528569
c_CAMLIK_MAH. = 0.2005261335471431
x_YESILYURT_MAH. = 1.0
x_CAMLIK_MAH. = 1.0

Optimal objective value: 0.0005930336546338122
