AFYONKARAHÝSAR KIZILÖREN Belediye Meclisi Seçilen Mahalleler

c_CUMHURIYET_MAH. = 0.616230343931797
c_YENI_MAH. = 0.3837696560682035
x_CUMHURIYET_MAH. = 1.0
x_YENI_MAH. = 1.0

Optimal objective value: 8.195535251442898e-05
