AFYONKARAHÝSAR EMÝRDAÐ Belediye Meclisi Seçilen Mahalleler

c_CUMHURIYET_MAH. = 0.6217881337979063
c_KARSIYAKA_MAH. = 0.3782118662020937
x_CUMHURIYET_MAH. = 1.0
x_KARSIYAKA_MAH. = 1.0

Optimal objective value: 0.001110994620223904
