AFYONKARAHÝSAR SANDIKLI Belediye Meclisi Seçilen Mahalleler

c_ECE_MAH. = 0.5095597583958623
c_ISTASYON_MAH. = 0.4904402416041377
x_ECE_MAH. = 1.0
x_ISTASYON_MAH. = 1.0

Optimal objective value: 0.001689920826525082
