AFYONKARAHÝSAR ÝHSANÝYE Belediye Meclisi Seçilen Mahalleler

c_AKOREN_MAH. = 0.47351580344912025
c_HURRIYET_MAH. = 0.5264841965508797
x_AKOREN_MAH. = 1.0
x_HURRIYET_MAH. = 1.0

Optimal objective value: 0.0009663707082397943
