AKSARAY GÜLAÐAÇ Belediye Meclisi Seçilen Mahalleler

c_ATATURK_MAH. = 0.4841227789336352
c_ISTIKLAL_MAH. = 0.5158772210663648
x_ATATURK_MAH. = 1.0
x_ISTIKLAL_MAH. = 1.0

Optimal objective value: 0.000588689067374748
