AKSARAY GÜZELYURT Belediye Meclisi Seçilen Mahalleler

c_AKYAMAC_MAH. = 0.22204735539601972
c_YUKARI_MAH. = 0.7779526446039803
x_AKYAMAC_MAH. = 1.0
x_YUKARI_MAH. = 1.0

Optimal objective value: 0.0006995673566591032
