AKSARAY AÐAÇÖREN Belediye Meclisi Seçilen Mahalleler

c_KALE_MAH. = 0.8653670514906049
c_YENI_MAH. = 0.13463294850939506
x_KALE_MAH. = 1.0
x_YENI_MAH. = 1.0

Optimal objective value: 0.0011189775918647449
