AKSARAY ESKÝL Belediye Meclisi Seçilen Mahalleler

c_FEVZI_CAKMAK_MAH. = 0.2866967933232304
c_ISTIKLAL_MAH. = 0.7133032066767696
x_FEVZI_CAKMAK_MAH. = 1.0
x_ISTIKLAL_MAH. = 1.0

Optimal objective value: 0.000498969197444521
