AKSARAY GÜZELYURT - IHLARA Belediye Meclisi Seçilen Mahalleler

c_IHLARA-AKPINAR_MAH. = 0.6039161156469166
c_IHLARA-KAYAARDI_MAH. = 0.3960838843530834
x_IHLARA-AKPINAR_MAH. = 1.0
x_IHLARA-KAYAARDI_MAH. = 1.0

Optimal objective value: 0.0005831525305497465
