AKSARAY SARIYAHÞÝ Belediye Meclisi Seçilen Mahalleler

c_KURTULUS_MAH. = 0.5592119115100627
c_SAFAKTEPE_MAH. = 0.4407880884899373
x_KURTULUS_MAH. = 1.0
x_SAFAKTEPE_MAH. = 1.0

Optimal objective value: 0.0006218772704007502
