AKSARAY AKSARAY MERKEZ Belediye Meclisi Seçilen Mahalleler

c_KALANLAR_MAH. = 0.4219827612301481
c_MUHSIN_CELEBI_MAH. = 0.5780172387698519
x_KALANLAR_MAH. = 1.0
x_MUHSIN_CELEBI_MAH. = 1.0

Optimal objective value: 0.00018739904292330856
