AMASYA GÜMÜÞHACIKÖY Belediye Meclisi Seçilen Mahalleler

c_CAMIKEBIR_MAH. = 0.4584084770994765
c_HACIYAHYA_MAH. = 0.5415915229005235
x_CAMIKEBIR_MAH. = 1.0
x_HACIYAHYA_MAH. = 1.0

Optimal objective value: 0.0006419849794790933
