AMASYA HAMAMÖZÜ Belediye Meclisi Seçilen Mahalleler

c_ARKUTBEY_MAH. = 0.8118960933552329
c_HAMITKAPLAN_MAH. = 0.18810390664476706
x_ARKUTBEY_MAH. = 1.0
x_HAMITKAPLAN_MAH. = 1.0

Optimal objective value: 0.00022449681348524209
