AMASYA AMASYA MERKEZ Belediye Meclisi Seçilen Mahalleler

c_AKBILEK_MAH. = 0.7593401821586144
c_GOKMEDRESE_MAH. = 0.24065981784138557
x_AKBILEK_MAH. = 1.0
x_GOKMEDRESE_MAH. = 1.0

Optimal objective value: 0.00044052947452222213
