AMASYA SULUOVA Belediye Meclisi Seçilen Mahalleler

c_HACIHAYTA_MAH. = 0.3344628502395547
c_ORTA_MAH. = 0.6655371497604453
x_HACIHAYTA_MAH. = 1.0
x_ORTA_MAH. = 1.0

Optimal objective value: 0.0005243609978267116
