AMASYA GÖYNÜCEK Belediye Meclisi Seçilen Mahalleler

c_MERKEZ_MAH. = 0.2627163206379384
c_YENI_MAH. = 0.7372836793620616
x_MERKEZ_MAH. = 1.0
x_YENI_MAH. = 1.0

Optimal objective value: 0.00046433972336212825
