AMASYA MERZÝFON Belediye Meclisi Seçilen Mahalleler

c_ABIDEHATUN_MAH. = 0.08803545471324692
c_YENI_MAH. = 0.9119645452867531
x_ABIDEHATUN_MAH. = 1.0
x_YENI_MAH. = 1.0

Optimal objective value: 0.0002976941819350376
