ANKARA BALA Belediye Meclisi Seçilen Mahalleler

c_BUYUKBAYAT_MAH. = 0.10620171687914304
c_KARTALTEPE_MAH. = 0.893798283120857
x_BUYUKBAYAT_MAH. = 1.0
x_KARTALTEPE_MAH. = 1.0

Optimal objective value: 0.000621164417236475
