ANKARA PURSAKLAR Belediye Meclisi Seçilen Mahalleler

c_ABADAN_MAH. = 0.1856481294151866
c_MERKEZ_MAH. = 0.8143518705848134
x_ABADAN_MAH. = 1.0
x_MERKEZ_MAH. = 1.0

Optimal objective value: 0.0009564572005724692
