ANKARA KIZILCAHAMAM Belediye Meclisi Seçilen Mahalleler

c_BADEMLI_MAH. = 0.49820480255915556
c_GAZI_MUSTAFA_KEMALPASA_MAH. = 0.5017951974408444
x_BADEMLI_MAH. = 1.0
x_GAZI_MUSTAFA_KEMALPASA_MAH. = 1.0

Optimal objective value: 0.0005807376365255523
