ANKARA ÇANKAYA Belediye Meclisi Seçilen Mahalleler

c_AKARLAR_MAH. = 0.13060243960159412
c_KAZIM_OZALP_MAH. = 0.8693975603984059
x_AKARLAR_MAH. = 1.0
x_KAZIM_OZALP_MAH. = 1.0

Optimal objective value: 0.0008282007160156368
