ANKARA HAYMANA Belediye Meclisi Seçilen Mahalleler

c_DEREKOY_MAH. = 0.4116691118046949
c_KARASULEYMANLI_MAH. = 0.5883308881953051
x_DEREKOY_MAH. = 1.0
x_KARASULEYMANLI_MAH. = 1.0

Optimal objective value: 0.002688842225543886
