ANKARA ELMADAÐ Belediye Meclisi Seçilen Mahalleler

c_DELILER_MAH. = 0.43041945181506636
c_YENIDOGAN_MAH. = 0.5695805481849336
x_DELILER_MAH. = 1.0
x_YENIDOGAN_MAH. = 1.0

Optimal objective value: 0.0012059031694223732
