ANKARA NALLIHAN Belediye Meclisi Seçilen Mahalleler

c_100.YIL_MAH. = 0.6289674523423029
c_OSURLER_MAH. = 0.3710325476576971
x_100.YIL_MAH. = 1.0
x_OSURLER_MAH. = 1.0

Optimal objective value: 0.0008864868469204978
