ANKARA EVREN Belediye Meclisi Seçilen Mahalleler

c_ALTINBASAK_MAH. = 0.16028887796686625
c_SERAFETTIN_YILMAZ_MAH. = 0.8397111220331337
x_ALTINBASAK_MAH. = 1.0
x_SERAFETTIN_YILMAZ_MAH. = 1.0

Optimal objective value: 0.0009938372935546225
