ANKARA AKYURT Belediye Meclisi Seçilen Mahalleler

c_BUGDUZ_MAH. = 0.31069116686654796
c_GUZELHISAR_MAH. = 0.689308833133452
x_BUGDUZ_MAH. = 1.0
x_GUZELHISAR_MAH. = 1.0

Optimal objective value: 0.0032282971888614176
