ANKARA KALECÝK Belediye Meclisi Seçilen Mahalleler

c_BUGRA_MAH. = 0.5691723623986615
c_YENIDOGAN_YESILYURT_MAH. = 0.4308276376013384
x_BUGRA_MAH. = 1.0
x_YENIDOGAN_YESILYURT_MAH. = 1.0

Optimal objective value: 0.002213840602084627
