ANKARA YENÝMAHALLE Belediye Meclisi Seçilen Mahalleler

c_BATI_SITESI_MAH. = 0.6569052176033754
c_YUKARI_YAHYALAR_MAH. = 0.34309478239662455
x_BATI_SITESI_MAH. = 1.0
x_YUKARI_YAHYALAR_MAH. = 1.0

Optimal objective value: 0.000525755182618437
