ANKARA POLATLI Belediye Meclisi Seçilen Mahalleler

c_KIZILCAKISLA_MAH. = 0.8762303434112388
c_SAKARYA_MAH. = 0.12376965658876116
x_KIZILCAKISLA_MAH. = 1.0
x_SAKARYA_MAH. = 1.0

Optimal objective value: 0.0007505307664045224
