ANKARA AYAÞ Belediye Meclisi Seçilen Mahalleler

c_GOKCEBAG_MAH. = 0.3111054092862805
c_SINANLI_HOCASINAN_MAH. = 0.6888945907137195
x_GOKCEBAG_MAH. = 1.0
x_SINANLI_HOCASINAN_MAH. = 1.0

Optimal objective value: 0.0010495773917614803
