ANKARA ÇAMLIDERE Belediye Meclisi Seçilen Mahalleler

c_KUSCULAR_MAH. = 0.5009492260219987
c_CUKUROREN_MAH. = 0.49905077397800135
x_KUSCULAR_MAH. = 1.0
x_CUKUROREN_MAH. = 1.0

Optimal objective value: 0.00032717953100735997
