ANKARA GÜDÜL Belediye Meclisi Seçilen Mahalleler

c_HACILAR_MAH. = 0.5191959157271515
c_SORGUN_MAH. = 0.48080408427284854
x_HACILAR_MAH. = 1.0
x_SORGUN_MAH. = 1.0

Optimal objective value: 0.0018507005483745509
