ANKARA KAHRAMANKAZAN Belediye Meclisi Seçilen Mahalleler

c_AHI_MAH. = 0.04129629784209323
c_ATATURK_MAH. = 0.9587037021579068
x_AHI_MAH. = 1.0
x_ATATURK_MAH. = 1.0

Optimal objective value: 0.00041944831763851553
