ANKARA GÖLBAÞI Belediye Meclisi Seçilen Mahalleler

c_MAHMATLI_MAH. = 0.6108227567438749
c_MAHMATLIBAHCE_MAH. = 0.3891772432561252
x_MAHMATLI_MAH. = 1.0
x_MAHMATLIBAHCE_MAH. = 1.0

Optimal objective value: 0.0006321355596292655
