ANKARA BEYPAZARI Belediye Meclisi Seçilen Mahalleler

c_DOGANYURT_MAH. = 0.8562654038234189
c_KARGI_MAH. = 0.1437345961765811
x_DOGANYURT_MAH. = 1.0
x_KARGI_MAH. = 1.0

Optimal objective value: 0.0009693086421813657
