ANKARA MAMAK Belediye Meclisi Seçilen Mahalleler

c_AKDERE_MAH. = 0.4317952229150079
c_TEPECIK_MAH. = 0.5682047770849921
x_AKDERE_MAH. = 1.0
x_TEPECIK_MAH. = 1.0

Optimal objective value: 0.0008060633157387365
