ANKARA ETÝMESGUT Belediye Meclisi Seçilen Mahalleler

c_OGUZLAR_MAH. = 0.8078047125224297
c_SEHITALI_MAH. = 0.1921952874775703
x_OGUZLAR_MAH. = 1.0
x_SEHITALI_MAH. = 1.0

Optimal objective value: 0.0013780788191913862
