ANTALYA ALANYA Belediye Meclisi Seçilen Mahalleler

c_TOPHANE_MAH. = 0.5685475889802489
c_UGRAK_MAH. = 0.4314524110197511
x_TOPHANE_MAH. = 1.0
x_UGRAK_MAH. = 1.0

Optimal objective value: 0.001069624950587711
