ANTALYA KONYAALTI Belediye Meclisi Seçilen Mahalleler

c_AKDAMLAR_MAH. = 0.5868412588156817
c_ZUMRUT_MAH. = 0.4131587411843182
x_AKDAMLAR_MAH. = 1.0
x_ZUMRUT_MAH. = 1.0

Optimal objective value: 0.0005286192533457967
