ANTALYA ELMALI Belediye Meclisi Seçilen Mahalleler

c_YAKACIFTLIKKOYU_MAH. = 0.37167744152701176
c_YUVA_MAH. = 0.6283225584729882
x_YAKACIFTLIKKOYU_MAH. = 1.0
x_YUVA_MAH. = 1.0

Optimal objective value: 0.0002004223406932848
