ANTALYA KUMLUCA Belediye Meclisi Seçilen Mahalleler

c_SALUR_MAH. = 0.5811341597329852
c_CALTI_MAH. = 0.4188658402670148
x_SALUR_MAH. = 1.0
x_CALTI_MAH. = 1.0

Optimal objective value: 0.0010884496308585234
