ANTALYA ÝBRADI Belediye Meclisi Seçilen Mahalleler

c_AYDINYAYLA_MAH. = 0.2361721370456002
c_BASLAR_MAH. = 0.7638278629543997
x_AYDINYAYLA_MAH. = 1.0
x_BASLAR_MAH. = 1.0

Optimal objective value: 0.0014342724112529348
