ANTALYA SERÝK Belediye Meclisi Seçilen Mahalleler

c_ABDURRAHMANLAR_MAH. = 0.40910553537425176
c_ORTA_MAH. = 0.5908944646257482
x_ABDURRAHMANLAR_MAH. = 1.0
x_ORTA_MAH. = 1.0

Optimal objective value: 0.0006697103435782115
