ANTALYA KORKUTELÝ Belediye Meclisi Seçilen Mahalleler

c_KARABAYIR_MAH. = 0.6843430588155547
c_KUCUKKOY_MAH. = 0.3156569411844453
x_KARABAYIR_MAH. = 1.0
x_KUCUKKOY_MAH. = 1.0

Optimal objective value: 0.004744203142910464
