ANTALYA KEPEZ Belediye Meclisi Seçilen Mahalleler

c_DUACI_MAH. = 0.3535088109052503
c_VARSAK_MENDERES_MAH. = 0.6464911890947497
x_DUACI_MAH. = 1.0
x_VARSAK_MENDERES_MAH. = 1.0

Optimal objective value: 0.0012204562235321736
