ANTALYA DEMRE Belediye Meclisi Seçilen Mahalleler

c_GOKYAZI_MAH. = 0.5339819666379965
c_KOSKERLER_MAH. = 0.46601803336200354
x_GOKYAZI_MAH. = 1.0
x_KOSKERLER_MAH. = 1.0

Optimal objective value: 0.001007907073363401
