ANTALYA AKSEKÝ Belediye Meclisi Seçilen Mahalleler

c_BUCAKALAN_MAH. = 0.4610109029485796
c_SADIKLAR_MAH. = 0.5389890970514204
x_BUCAKALAN_MAH. = 1.0
x_SADIKLAR_MAH. = 1.0

Optimal objective value: 0.0006387579010334044
