ANTALYA MURATPAÞA Belediye Meclisi Seçilen Mahalleler

c_YESILBAHCE_MAH. = 0.4861638986974116
c_ZUMRUTOVA_MAH. = 0.5138361013025884
x_YESILBAHCE_MAH. = 1.0
x_ZUMRUTOVA_MAH. = 1.0

Optimal objective value: 0.0023295158419609496
