ANTALYA KEMER Belediye Meclisi Seçilen Mahalleler

c_GOYNUK_MAH. = 0.8664336462964964
c_ULUPINAR_MAH. = 0.13356635370350353
x_GOYNUK_MAH. = 1.0
x_ULUPINAR_MAH. = 1.0

Optimal objective value: 0.0022620410597837814
