ANTALYA FÝNÝKE Belediye Meclisi Seçilen Mahalleler

c_AKCAALAN_MAH. = 0.30590583879413796
c_SAHILKENT_MAH. = 0.694094161205862
x_AKCAALAN_MAH. = 1.0
x_SAHILKENT_MAH. = 1.0

Optimal objective value: 0.0014740781437826422
