ANTALYA AKSU Belediye Meclisi Seçilen Mahalleler

c_KAYADIBI_MAH. = 0.5649172931493318
c_CALKAYA_MAH. = 0.4350827068506682
x_KAYADIBI_MAH. = 1.0
x_CALKAYA_MAH. = 1.0

Optimal objective value: 0.002083850926590247
