ANTALYA DÖÞEMEALTI Belediye Meclisi Seçilen Mahalleler

c_BIYIKLI_MAH. = 0.3067596218732891
c_DERELI_MAH. = 0.6932403781267109
x_BIYIKLI_MAH. = 1.0
x_DERELI_MAH. = 1.0

Optimal objective value: 4.8774285736463696e-05
