ARDAHAN HANAK Belediye Meclisi Seçilen Mahalleler

c_ALACAM_MAH. = 0.6913925329441721
c_ORTAKENT_MERKEZ_MAH. = 0.3086074670558279
x_ALACAM_MAH. = 1.0
x_ORTAKENT_MERKEZ_MAH. = 1.0

Optimal objective value: 0.02354327644071519
