ARDAHAN GÖLE Belediye Meclisi Seçilen Mahalleler

c_KUBILAY_BEY_MAH. = 0.7599524724000067
c_SALIM_BEY_MAH. = 0.24004752759999326
x_KUBILAY_BEY_MAH. = 1.0
x_SALIM_BEY_MAH. = 1.0

Optimal objective value: 0.014459048307256417
