ARDAHAN DAMAL Belediye Meclisi Seçilen Mahalleler

c_CUMHURIYET_MAH. = 0.3397385276462181
c_CAYBASI_MAH. = 0.6602614723537819
x_CUMHURIYET_MAH. = 1.0
x_CAYBASI_MAH. = 1.0

Optimal objective value: 0.003754887568380716
