ARTVÝN HOPA Belediye Meclisi Seçilen Mahalleler

c_SUNDURA_MAH. = 0.5264484684956726
c_YUKARI_KULEDIBI_MAH. = 0.4735515315043274
x_SUNDURA_MAH. = 1.0
x_YUKARI_KULEDIBI_MAH. = 1.0

Optimal objective value: 0.002297946590133604
