ARTVÝN ÞAVÞAT Belediye Meclisi Seçilen Mahalleler

c_SOGUTLU_MAH. = 0.13909134471389817
c_YENIKOY_MAH. = 0.8609086552861018
x_SOGUTLU_MAH. = 1.0
x_YENIKOY_MAH. = 1.0

Optimal objective value: 0.0005542017665480792
