ARTVÝN YUSUFELÝ Belediye Meclisi Seçilen Mahalleler

c_KAZIM_KARABEKIR_MAH. = 0.06824258728358543
c_MERKEZ_MAH. = 0.9317574127164145
x_KAZIM_KARABEKIR_MAH. = 1.0
x_MERKEZ_MAH. = 1.0

Optimal objective value: 0.0003117582023722809
