ARTVÝN BORÇKA Belediye Meclisi Seçilen Mahalleler

c_AKSU_MAH. = 0.1550587597692369
c_GUNDOGDU_MAH. = 0.8449412402307631
x_AKSU_MAH. = 1.0
x_GUNDOGDU_MAH. = 1.0

Optimal objective value: 0.0001058799437928526
