ARTVÝN ARTVÝN MERKEZ Belediye Meclisi Seçilen Mahalleler

c_CARSI_MAH. = 0.7294035953926041
c_CAYAGZI_MAH. = 0.27059640460739587
x_CARSI_MAH. = 1.0
x_CAYAGZI_MAH. = 1.0

Optimal objective value: 0.000863119242866639
