AYDIN SULTANHÝSAR Belediye Meclisi Seçilen Mahalleler

c_MALGACMUSTAFA_MAH. = 0.6185011863547203
c_REKMEZ_MAH. = 0.38149881364527977
x_MALGACMUSTAFA_MAH. = 1.0
x_REKMEZ_MAH. = 1.0

Optimal objective value: 0.0009820314374118233
