AYDIN KOÇARLI Belediye Meclisi Seçilen Mahalleler

c_GAFFARLAR_MAH. = 0.5693466796657076
c_CESMEKOY_MAH. = 0.43065332033429243
x_GAFFARLAR_MAH. = 1.0
x_CESMEKOY_MAH. = 1.0

Optimal objective value: 0.00022816420546467597
