AYDIN KARPUZLU Belediye Meclisi Seçilen Mahalleler

c_UMCULAR_MAH. = 0.34775732206454235
c_OMERLER_MAH. = 0.6522426779354576
x_UMCULAR_MAH. = 1.0
x_OMERLER_MAH. = 1.0

Optimal objective value: 0.000618174783320824
