AYDIN KUYUCAK Belediye Meclisi Seçilen Mahalleler

c_AKSAZ_MAH. = 0.23139995936594426
c_AYDINOGLU_MAH. = 0.7686000406340557
x_AKSAZ_MAH. = 1.0
x_AYDINOGLU_MAH. = 1.0

Optimal objective value: 0.0008141835024352284
