AYDIN BUHARKENT Belediye Meclisi Seçilen Mahalleler

c_MENDERES_MAH. = 0.5534589650913162
c_ISTIKLAL_MAH. = 0.4465410349086838
x_MENDERES_MAH. = 1.0
x_ISTIKLAL_MAH. = 1.0

Optimal objective value: 0.0009753681934703273
