AYDIN YENÝPAZAR Belediye Meclisi Seçilen Mahalleler

c_HACIKOSELER_MAH. = 0.11685599766346988
c_YENI_MAH. = 0.8831440023365301
x_HACIKOSELER_MAH. = 1.0
x_YENI_MAH. = 1.0

Optimal objective value: 0.0005088155518955251
