AYDIN NAZÝLLÝ Belediye Meclisi Seçilen Mahalleler

c_BAYINDIR_MAH. = 0.5526413440038132
c_YAYLAPINAR_MAH. = 0.44735865599618685
x_BAYINDIR_MAH. = 1.0
x_YAYLAPINAR_MAH. = 1.0

Optimal objective value: 0.0017258060595541913
