AYDIN KUÞADASI Belediye Meclisi Seçilen Mahalleler

c_ALACAMESCIT_MAH. = 0.6300552945449334
c_KARAOVA_MAH. = 0.3699447054550667
x_ALACAMESCIT_MAH. = 1.0
x_KARAOVA_MAH. = 1.0

Optimal objective value: 0.0011413427579231028
