AYDIN EFELER Belediye Meclisi Seçilen Mahalleler

c_ADNAN_MENDERES_MAH. = 0.9494588526896941
c_OVAEYMIR_MAH. = 0.0505411473103059
x_ADNAN_MENDERES_MAH. = 1.0
x_OVAEYMIR_MAH. = 1.0

Optimal objective value: 0.001195533927004111
