AYDIN SÖKE Belediye Meclisi Seçilen Mahalleler

c_CUMHURIYET_MAH. = 0.37943280364748344
c_FEVZIPASA_MAH. = 0.6205671963525166
x_CUMHURIYET_MAH. = 1.0
x_FEVZIPASA_MAH. = 1.0

Optimal objective value: 0.0010782658828553116
