AYDIN ÇÝNE Belediye Meclisi Seçilen Mahalleler

c_CAMIZAGILI_MAH. = 0.5630180851786479
c_KARGI_MAH. = 0.43698191482135207
x_CAMIZAGILI_MAH. = 1.0
x_KARGI_MAH. = 1.0

Optimal objective value: 0.0005911955325684781
