AYDIN ÝNCÝRLÝOVA Belediye Meclisi Seçilen Mahalleler

c_OSMANBUKU_MAH. = 0.5700476859109724
c_ISAFAKILAR_MAH. = 0.42995231408902757
x_OSMANBUKU_MAH. = 1.0
x_ISAFAKILAR_MAH. = 1.0

Optimal objective value: 0.0016620538720298894
