AYDIN GERMENCÝK Belediye Meclisi Seçilen Mahalleler

c_BOZKOY_MAH. = 0.09259428740504971
c_KARAAGACLI_MAH. = 0.9074057125949503
x_BOZKOY_MAH. = 1.0
x_KARAAGACLI_MAH. = 1.0

Optimal objective value: 0.0011533791883832079
