AYDIN KARACASU Belediye Meclisi Seçilen Mahalleler

c_ALEMLER_MAH. = 0.153000077840179
c_CUMA_MAH. = 0.846999922159821
x_ALEMLER_MAH. = 1.0
x_CUMA_MAH. = 1.0

Optimal objective value: 0.0007714436803352154
