AÐRI TUTAK Belediye Meclisi Seçilen Mahalleler

c_KARSIYAKA_MAH. = 0.6811422218440774
c_PINAR_MAH. = 0.31885777815592264
x_KARSIYAKA_MAH. = 1.0
x_PINAR_MAH. = 1.0

Optimal objective value: 0.023227529316976137
