AÐRI DÝYADÝN Belediye Meclisi Seçilen Mahalleler

c_KETENPINAR_MAH. = 0.6385417864272587
c_MURAT_MAH. = 0.3614582135727414
x_KETENPINAR_MAH. = 1.0
x_MURAT_MAH. = 1.0

Optimal objective value: 0.00037151202956353657
