AÐRI ELEÞKÝRT - YÜCEKAPI Belediye Meclisi Seçilen Mahalleler

c_YUCEKAPI-ESENTEPE_MAH. = 0.7551971050889187
c_YUCEKAPI-OKLAVALI_MAH. = 0.24480289491108131
x_YUCEKAPI-ESENTEPE_MAH. = 1.0
x_YUCEKAPI-OKLAVALI_MAH. = 1.0

Optimal objective value: 0.00030452890626275764
