AÐRI ELEÞKÝRT Belediye Meclisi Seçilen Mahalleler

c_HURRIYET_MAH. = 0.4982371155507448
c_MUFTUSELIM_MAH. = 0.5017628844492552
x_HURRIYET_MAH. = 1.0
x_MUFTUSELIM_MAH. = 1.0

Optimal objective value: 0.0011961396487580878
