AÐRI TAÞLIÇAY Belediye Meclisi Seçilen Mahalleler

c_15_TEMMUZ_SEHITLER_MAH. = 0.35093705079060333
c_ADNAN_MENDERES_MAH. = 0.6490629492093967
x_15_TEMMUZ_SEHITLER_MAH. = 1.0
x_ADNAN_MENDERES_MAH. = 1.0

Optimal objective value: 0.0038840902097534435
