AÐRI PATNOS - DEDELÝ Belediye Meclisi Seçilen Mahalleler

c_DEDELI-CUMHURIYET_MAH. = 0.34121288052454646
c_DEDELI-MERKEZ_MAH. = 0.6587871194754535
x_DEDELI-CUMHURIYET_MAH. = 1.0
x_DEDELI-MERKEZ_MAH. = 1.0

Optimal objective value: 0.0020305565082018306
