AÐRI DOÐUBAYAZIT Belediye Meclisi Seçilen Mahalleler

c_SANAYI_MAH. = 0.30752782274629153
c_ISHAKPASA_MAH. = 0.6924721772537085
x_SANAYI_MAH. = 1.0
x_ISHAKPASA_MAH. = 1.0

Optimal objective value: 0.0004548413514602334
