AÐRI ELEÞKÝRT - TAHÝR Belediye Meclisi Seçilen Mahalleler

c_TAHIR-AYDINTEPE_MAH. = 0.5138449805375703
c_TAHIR-KARSIYAKA_MAH. = 0.48615501946242967
x_TAHIR-AYDINTEPE_MAH. = 1.0
x_TAHIR-KARSIYAKA_MAH. = 1.0

Optimal objective value: 0.000165726626688123
