AÐRI AÐRI MERKEZ Belediye Meclisi Seçilen Mahalleler

c_100.YIL_MAH. = 0.3003873795628996
c_BAHCELIEVLER_MAH. = 0.6996126204371004
x_100.YIL_MAH. = 1.0
x_BAHCELIEVLER_MAH. = 1.0

Optimal objective value: 0.0017621027950630586
