AÐRI HAMUR Belediye Meclisi Seçilen Mahalleler

c_BUZHANE_MAH. = 0.4049078918777803
c_YENI_MAH. = 0.5950921081222197
x_BUZHANE_MAH. = 1.0
x_YENI_MAH. = 1.0

Optimal objective value: 0.023164638937515636
