BALIKESÝR ALTIEYLÜL Belediye Meclisi Seçilen Mahalleler

c_HACI_ILBEY_MAH. = 0.7569688641627494
c_YENICE_MAH. = 0.24303113583725056
x_HACI_ILBEY_MAH. = 1.0
x_YENICE_MAH. = 1.0

Optimal objective value: 0.0008360905385015327
