BALIKESÝR GÖNEN Belediye Meclisi Seçilen Mahalleler

c_100.YIL_MAH. = 0.8545759973643132
c_KILLIK_MAH. = 0.14542400263568683
x_100.YIL_MAH. = 1.0
x_KILLIK_MAH. = 1.0

Optimal objective value: 0.0006205187724956929
