BALIKESÝR MARMARA Belediye Meclisi Seçilen Mahalleler

c_ASMALI_MAH. = 0.4197199369346688
c_HURRIYET_MAH. = 0.5802800630653312
x_ASMALI_MAH. = 1.0
x_HURRIYET_MAH. = 1.0

Optimal objective value: 0.0015095280220520646
