BALIKESÝR SAVAÞTEPE Belediye Meclisi Seçilen Mahalleler

c_KOCAOREN_MAH. = 0.5740025060749516
c_SARISULEYMANLAR_MAH. = 0.4259974939250484
x_KOCAOREN_MAH. = 1.0
x_SARISULEYMANLAR_MAH. = 1.0

Optimal objective value: 0.000520425196345653
