BALIKESÝR GÖMEÇ Belediye Meclisi Seçilen Mahalleler

c_KARAAGAC_MAH. = 0.3802561467337029
c_MITHATPASA_MAH. = 0.6197438532662971
x_KARAAGAC_MAH. = 1.0
x_MITHATPASA_MAH. = 1.0

Optimal objective value: 0.001387872789962219
