BALIKESÝR BURHANÝYE Belediye Meclisi Seçilen Mahalleler

c_GERIS_MAH. = 0.7503763243574613
c_PELITKOY_MAH. = 0.24962367564253876
x_GERIS_MAH. = 1.0
x_PELITKOY_MAH. = 1.0

Optimal objective value: 0.0006972117059851346
