BALIKESÝR BANDIRMA Belediye Meclisi Seçilen Mahalleler

c_17_EYLUL_MAH. = 0.8996820942503536
c_MISAKCA_MAH. = 0.10031790574964633
x_17_EYLUL_MAH. = 1.0
x_MISAKCA_MAH. = 1.0

Optimal objective value: 0.0010871045788994893
