BALIKESÝR BALYA Belediye Meclisi Seçilen Mahalleler

c_BENGILER_MAH. = 0.4561936763192157
c_CAKALLAR_MAH. = 0.5438063236807843
x_BENGILER_MAH. = 1.0
x_CAKALLAR_MAH. = 1.0

Optimal objective value: 0.0010927725706348923
