BALIKESÝR MANYAS Belediye Meclisi Seçilen Mahalleler

c_ESKIMANYAS_MAH. = 0.6977456288442738
c_PEYNIRKUYU_MAH. = 0.3022543711557262
x_ESKIMANYAS_MAH. = 1.0
x_PEYNIRKUYU_MAH. = 1.0

Optimal objective value: 0.0006071762104150613
