BALIKESÝR DURSUNBEY Belediye Meclisi Seçilen Mahalleler

c_HAMZACIK_MAH. = 0.4299124799754179
c_TEPEKOY_MAH. = 0.5700875200245821
x_HAMZACIK_MAH. = 1.0
x_TEPEKOY_MAH. = 1.0

Optimal objective value: 0.0013471489354743849
