BALIKESÝR HAVRAN Belediye Meclisi Seçilen Mahalleler

c_BUYUKDERE_MAH. = 0.47430205912506695
c_DEREOREN_MAH. = 0.525697940874933
x_BUYUKDERE_MAH. = 1.0
x_DEREOREN_MAH. = 1.0

Optimal objective value: 0.0004105177751531075
