BALIKESÝR BÝGADÝÇ Belediye Meclisi Seçilen Mahalleler

c_ABACI_MAH. = 0.5940156058795042
c_KUCUKYENIKOY_MAH. = 0.4059843941204958
x_ABACI_MAH. = 1.0
x_KUCUKYENIKOY_MAH. = 1.0

Optimal objective value: 0.0003516823156797244
