BALIKESÝR KEPSUT Belediye Meclisi Seçilen Mahalleler

c_KIZILOLUK_MAH. = 0.3274352954963411
c_PIYADE_MAH. = 0.6725647045036589
x_KIZILOLUK_MAH. = 1.0
x_PIYADE_MAH. = 1.0

Optimal objective value: 0.00013412930074796492
