BALIKESÝR KARESÝ Belediye Meclisi Seçilen Mahalleler

c_ADNAN_MENDERES_MAH. = 0.4507044054811376
c_YEROLUK_MAH. = 0.5492955945188625
x_ADNAN_MENDERES_MAH. = 1.0
x_YEROLUK_MAH. = 1.0

Optimal objective value: 0.0010951993038414987
