BALIKESÝR ERDEK Belediye Meclisi Seçilen Mahalleler

c_ALAETTIN_MAH. = 0.5704829787800056
c_ASAGIYAPICI_MAH. = 0.4295170212199943
x_ALAETTIN_MAH. = 1.0
x_ASAGIYAPICI_MAH. = 1.0

Optimal objective value: 0.0008911743176945874
