BALIKESÝR SUSURLUK Belediye Meclisi Seçilen Mahalleler

c_DEMIRKAPI_MAH. = 0.5531507649697358
c_SULECEK_MAH. = 0.4468492350302642
x_DEMIRKAPI_MAH. = 1.0
x_SULECEK_MAH. = 1.0

Optimal objective value: 0.00020351402634966043
