BALIKESÝR AYVALIK Belediye Meclisi Seçilen Mahalleler

c_ALTINOVA_MAH. = 0.5391432438276739
c_BAGYUZU_MAH. = 0.46085675617232613
x_ALTINOVA_MAH. = 1.0
x_BAGYUZU_MAH. = 1.0

Optimal objective value: 0.007585897124672614
