BALIKESÝR SINDIRGI Belediye Meclisi Seçilen Mahalleler

c_ALAKIR_MAH. = 0.3518282013320482
c_KARAGUR_MAH. = 0.6481717986679518
x_ALAKIR_MAH. = 1.0
x_KARAGUR_MAH. = 1.0

Optimal objective value: 0.0007347562636828009
