BARTIN ULUS - KUMLUCA Belediye Meclisi Seçilen Mahalleler

c_KUMLUCA-MERKEZ_MAH. = 0.4843124747933093
c_KUMLUCA-YENI_MAH. = 0.5156875252066907
x_KUMLUCA-MERKEZ_MAH. = 1.0
x_KUMLUCA-YENI_MAH. = 1.0

Optimal objective value: 0.0002917302075371442
