BARTIN KURUCAÞÝLE Belediye Meclisi Seçilen Mahalleler

c_LIMAN_MAH. = 0.5062697748716178
c_SILE_MAH. = 0.49373022512838216
x_LIMAN_MAH. = 1.0
x_SILE_MAH. = 1.0

Optimal objective value: 0.0006240448358635353
