BARTIN ULUS Belediye Meclisi Seçilen Mahalleler

c_KALDIRIM_MAH. = 0.4335838083590349
c_KASIMLAR_MAH. = 0.5664161916409651
x_KALDIRIM_MAH. = 1.0
x_KASIMLAR_MAH. = 1.0

Optimal objective value: 0.0005461196115632561
