BARTIN BARTIN MERKEZ Belediye Meclisi Seçilen Mahalleler

c_ALADAG_MAH. = 0.2844960095861673
c_TUNA_MAH. = 0.7155039904138327
x_ALADAG_MAH. = 1.0
x_TUNA_MAH. = 1.0

Optimal objective value: 0.0009835788111690613
