BATMAN GERCÜÞ Belediye Meclisi Seçilen Mahalleler

c_BAGLARBASI_MAH. = 0.9639056204675449
c_PINARBASI_MAH. = 0.03609437953245509
x_BAGLARBASI_MAH. = 1.0
x_PINARBASI_MAH. = 1.0

Optimal objective value: 0.0017252765845812146
