BATMAN SASON - YÜCEBAÐ Belediye Meclisi Seçilen Mahalleler

c_YUCEBAG-KARSIYAKA_MAH. = 0.5323828772101403
c_YUCEBAG-KOCKAYA_MAH. = 0.4676171227898597
x_YUCEBAG-KARSIYAKA_MAH. = 1.0
x_YUCEBAG-KOCKAYA_MAH. = 1.0

Optimal objective value: 0.0018684290185426722
