BATMAN BATMAN MERKEZ Belediye Meclisi Seçilen Mahalleler

c_19_MAYIS_MAH. = 0.2080367582095754
c_SIRINEVLER_MAH. = 0.7919632417904245
x_19_MAYIS_MAH. = 1.0
x_SIRINEVLER_MAH. = 1.0

Optimal objective value: 0.0004742686104073357
