BATMAN KOZLUK Belediye Meclisi Seçilen Mahalleler

c_AGACLIK_MAH. = 0.2645373686489583
c_SELAHADDINI_EYYUBI_MAH. = 0.7354626313510417
x_AGACLIK_MAH. = 1.0
x_SELAHADDINI_EYYUBI_MAH. = 1.0

Optimal objective value: 0.0009717248346750029
