BATMAN HASANKEYF Belediye Meclisi Seçilen Mahalleler

c_BAHCELIEVLER_MAH. = 0.6849510649173324
c_KALE_MAH. = 0.31504893508266596
x_BAHCELIEVLER_MAH. = 1.0
x_KALE_MAH. = 1.0

Optimal objective value: 0.0014882229141812697
