BATMAN SASON Belediye Meclisi Seçilen Mahalleler

c_TEKINLER_MAH. = 0.75519957864327
c_YESILEVLER_MAH. = 0.24480042135673
x_TEKINLER_MAH. = 1.0
x_YESILEVLER_MAH. = 1.0

Optimal objective value: 0.0006131696572448941
