BAYBURT BAYBURT MERKEZ Belediye Meclisi Seçilen Mahalleler

c_CAMIIKEBIR_MAH. = 0.040643268148667255
c_ESENTEPE_MAH. = 0.9593567318513327
x_CAMIIKEBIR_MAH. = 1.0
x_ESENTEPE_MAH. = 1.0

Optimal objective value: 0.001160275539474509
