BAYBURT AYDINTEPE Belediye Meclisi Seçilen Mahalleler

c_HACI_ALI_EFENDI_MAH. = 0.42597670610869154
c_KALE_MAH. = 0.5740232938913085
x_HACI_ALI_EFENDI_MAH. = 1.0
x_KALE_MAH. = 1.0

Optimal objective value: 0.00013943031287855234
