BÝLECÝK GÖLPAZARI Belediye Meclisi Seçilen Mahalleler

c_ORTA_MAH. = 0.5267048990805312
c_ISTIKLAL_MAH. = 0.4732951009194688
x_ORTA_MAH. = 1.0
x_ISTIKLAL_MAH. = 1.0

Optimal objective value: 0.000445839430176842
