BÝTLÝS GÜROYMAK - GÖLBAÞI Belediye Meclisi Seçilen Mahalleler

c_GOLBASI-YESILTEPE_MAH. = 0.7722107725940319
c_GOLBASI-SENKAYA_MAH. = 0.22778922740596808
x_GOLBASI-YESILTEPE_MAH. = 1.0
x_GOLBASI-SENKAYA_MAH. = 1.0

Optimal objective value: 0.0011841427830073803
