BÝNGÖL SOLHAN Belediye Meclisi Seçilen Mahalleler

c_HALIME_PINAR_MAH. = 0.5106658778907928
c_YENI_MAH. = 0.48933412210920724
x_HALIME_PINAR_MAH. = 1.0
x_YENI_MAH. = 1.0

Optimal objective value: 0.0005188096343282655
