BÝNGÖL KARLIOVA Belediye Meclisi Seçilen Mahalleler

c_TURGUT_OZAL_MAH. = 0.520071355864573
c_YESILYURT_MAH. = 0.479928644135427
x_TURGUT_OZAL_MAH. = 1.0
x_YESILYURT_MAH. = 1.0

Optimal objective value: 0.0007509096001221405
