BÝLECÝK ÝNHÝSAR Belediye Meclisi Seçilen Mahalleler

c_KARAAGAC_MAH. = 0.24254743098682074
c_ZAFER_MAH. = 0.7574525690131793
x_KARAAGAC_MAH. = 1.0
x_ZAFER_MAH. = 1.0

Optimal objective value: 0.00225788763739021
