BÝNGÖL YEDÝSU Belediye Meclisi Seçilen Mahalleler

c_DOSENGI_MAH. = 0.3278424756871021
c_MERKEZ_MAH. = 0.6721575243128979
x_DOSENGI_MAH. = 1.0
x_MERKEZ_MAH. = 1.0

Optimal objective value: 0.009019349819622713
