BÝNGÖL ADAKLI Belediye Meclisi Seçilen Mahalleler

c_AFET_KONUTLARI_MAH. = 0.45359023864638814
c_MERKEZ_MAH. = 0.5464097613536119
x_AFET_KONUTLARI_MAH. = 1.0
x_MERKEZ_MAH. = 1.0

Optimal objective value: 0.0019965865422610918
