BÝLECÝK OSMANELÝ Belediye Meclisi Seçilen Mahalleler

c_HACELOGLU_MAH. = 0.6947036183916293
c_INONU_MAH. = 0.3052963816083707
x_HACELOGLU_MAH. = 1.0
x_INONU_MAH. = 1.0

Optimal objective value: 0.02132455013559975
