BÝNGÖL YAYLADERE Belediye Meclisi Seçilen Mahalleler

c_HAKTANIR_MAH. = 0.3644614092384393
c_MERKEZ_MAH. = 0.6355385907615607
x_HAKTANIR_MAH. = 1.0
x_MERKEZ_MAH. = 1.0

Optimal objective value: 0.0015158846320868502
