BÝNGÖL BÝNGÖL MERKEZ Belediye Meclisi Seçilen Mahalleler

c_BAHCELIEVLER_MAH. = 0.38176835111642204
c_YESILYURT_MAH. = 0.618231648883578
x_BAHCELIEVLER_MAH. = 1.0
x_YESILYURT_MAH. = 1.0

Optimal objective value: 0.0011464170956478892
