BÝNGÖL GENÇ Belediye Meclisi Seçilen Mahalleler

c_CUMHURIYET_MAH. = 0.8400822562356133
c_KULTUR_MAH. = 0.15991774376438672
x_CUMHURIYET_MAH. = 1.0
x_KULTUR_MAH. = 1.0

Optimal objective value: 0.0006396380451796357
