BÝLECÝK BOZÜYÜK Belediye Meclisi Seçilen Mahalleler

c_4_EYLUL_MAH. = 0.9429229342100233
c_AKPINAR_MAH. = 0.05707706578997673
x_4_EYLUL_MAH. = 1.0
x_AKPINAR_MAH. = 1.0

Optimal objective value: 0.0008243881842272538
