BÝLECÝK BÝLECÝK MERKEZ Belediye Meclisi Seçilen Mahalleler

c_BAHCELIEVLER_MAH. = 0.44711160480631956
c_ISTIKLAL_MAH. = 0.5528883951936805
x_BAHCELIEVLER_MAH. = 1.0
x_ISTIKLAL_MAH. = 1.0

Optimal objective value: 0.00103095856913471
