BÝLECÝK YENÝPAZAR Belediye Meclisi Seçilen Mahalleler

c_YENI_MAH. = 0.6702845080332586
c_ZAFER_MAH. = 0.32971549196674144
x_YENI_MAH. = 1.0
x_ZAFER_MAH. = 1.0

Optimal objective value: 0.0020980939326280534
