BÝTLÝS HÝZAN Belediye Meclisi Seçilen Mahalleler

c_KULTUR_MAH. = 0.5586642378610288
c_YESIL_OVA_MAH. = 0.4413357621389712
x_KULTUR_MAH. = 1.0
x_YESIL_OVA_MAH. = 1.0

Optimal objective value: 0.003165978021115179
