BÝLECÝK SÖÐÜT Belediye Meclisi Seçilen Mahalleler

c_BALABAN_MAH. = 0.13170150429177874
c_CUMHURIYET_MAH. = 0.8682984957082213
x_BALABAN_MAH. = 1.0
x_CUMHURIYET_MAH. = 1.0

Optimal objective value: 0.0009954881536030635
