BOLU GEREDE Belediye Meclisi Seçilen Mahalleler

c_SEVILLER_MAH. = 0.4309715766193833
c_YENI_MAH. = 0.5690284233806167
x_SEVILLER_MAH. = 1.0
x_YENI_MAH. = 1.0

Optimal objective value: 0.0006636756776139396
