BOLU BOLU MERKEZ Belediye Meclisi Seçilen Mahalleler

c_AKPINAR_MAH. = 0.48412698412698413
c_IHSANIYE_MAH. = 0.5158730158730159
x_AKPINAR_MAH. = 1.0
x_IHSANIYE_MAH. = 1.0

Optimal objective value: 0.0003197203381803959
