BOLU DÖRTDÝVAN Belediye Meclisi Seçilen Mahalleler

c_KARGIBAYRAMLAR_MAH. = 0.6268893412246219
c_CAVUSLAR_MAH. = 0.37311065877537813
x_KARGIBAYRAMLAR_MAH. = 1.0
x_CAVUSLAR_MAH. = 1.0

Optimal objective value: 0.005732696803234516
