BOLU KIBRISCIK Belediye Meclisi Seçilen Mahalleler

c_KARADOGAN_MAH. = 0.7289140241814044
c_KOROGLU_MAH. = 0.2710859758185952
x_KARADOGAN_MAH. = 1.0
x_KOROGLU_MAH. = 1.0

Optimal objective value: 0.056062575324517305
