BOLU MUDURNU Belediye Meclisi Seçilen Mahalleler

c_KAYGANA_MAH. = 0.28474026361347615
c_MUSALLA_MAH. = 0.7152597363865238
x_KAYGANA_MAH. = 1.0
x_MUSALLA_MAH. = 1.0

Optimal objective value: 0.00037129660494361616
