BOLU MENGEN Belediye Meclisi Seçilen Mahalleler

c_TABAKLAR_YAZIYAKA_MAH. = 0.2871230500902137
c_TURKBEYLI_MAH. = 0.7128769499097862
x_TABAKLAR_YAZIYAKA_MAH. = 1.0
x_TURKBEYLI_MAH. = 1.0

Optimal objective value: 0.0004964000802274438
