BOLU MENGEN - GÖKÇESU Belediye Meclisi Seçilen Mahalleler

c_GOKCESU-ADASAL_MAH. = 0.5662691574466803
c_GOKCESU-CAKIRLAR_MAH. = 0.43373084255331973
x_GOKCESU-ADASAL_MAH. = 1.0
x_GOKCESU-CAKIRLAR_MAH. = 1.0

Optimal objective value: 0.03827586719285825
