BURDUR TEFENNÝ Belediye Meclisi Seçilen Mahalleler

c_ESENTEPE_MAH. = 0.18708066922902153
c_ESELER_MAH. = 0.8129193307709784
x_ESENTEPE_MAH. = 1.0
x_ESELER_MAH. = 1.0

Optimal objective value: 0.0002957088594026658
