BURDUR BUCAK Belediye Meclisi Seçilen Mahalleler

c_ALAATTIN_MAH. = 0.36999643450330755
c_KONAK_MAH. = 0.6300035654966925
x_ALAATTIN_MAH. = 1.0
x_KONAK_MAH. = 1.0

Optimal objective value: 0.0009319565077908765
