BURDUR ÇAVDIR - SÖÐÜT Belediye Meclisi Seçilen Mahalleler

c_SOGUT-PAZAR_MAH. = 0.733241119953549
c_SOGUT-CESME_MAH. = 0.266758880046451
x_SOGUT-PAZAR_MAH. = 1.0
x_SOGUT-CESME_MAH. = 1.0

Optimal objective value: 0.019274296715666606
