BURDUR YEÞÝLOVA Belediye Meclisi Seçilen Mahalleler

c_BAHCELIEVLER_MAH. = 0.5635123193543066
c_KAYADIBI_MAH. = 0.4364876806456934
x_BAHCELIEVLER_MAH. = 1.0
x_KAYADIBI_MAH. = 1.0

Optimal objective value: 0.0002774615351338605
