BURDUR KARAMANLI Belediye Meclisi Seçilen Mahalleler

c_BARBAROS_MAH. = 0.2418856112813552
c_CAMLIK_MAH. = 0.7581143887186448
x_BARBAROS_MAH. = 1.0
x_CAMLIK_MAH. = 1.0

Optimal objective value: 0.0005673707222404456
