BURDUR AÐLASUN Belediye Meclisi Seçilen Mahalleler

c_KIRAC_MAH. = 0.5120411600305945
c_KUM_MAH. = 0.4879588399694055
x_KIRAC_MAH. = 1.0
x_KUM_MAH. = 1.0

Optimal objective value: 0.00046725955834459043
