BURDUR GÖLHÝSAR Belediye Meclisi Seçilen Mahalleler

c_ARMUTLU_MAH. = 0.16749395989400329
c_FATIH_MAH. = 0.8325060401059967
x_ARMUTLU_MAH. = 1.0
x_FATIH_MAH. = 1.0

Optimal objective value: 0.0006910968017924679
