BURDUR BUCAK - KIZILKAYA Belediye Meclisi Seçilen Mahalleler

c_KIZILKAYA-AVDAN__MAH. = 0.5832654560161472
c_KIZILKAYA-PAZAR_MAH. = 0.4167345439838528
x_KIZILKAYA-AVDAN__MAH. = 1.0
x_KIZILKAYA-PAZAR_MAH. = 1.0

Optimal objective value: 0.0004989557975659809
