BURSA ORHANGAZÝ Belediye Meclisi Seçilen Mahalleler

c_GEDELEK_MAH. = 0.5197767257013248
c_PASAPINAR_MAH. = 0.4802232742986751
x_GEDELEK_MAH. = 1.0
x_PASAPINAR_MAH. = 1.0

Optimal objective value: 0.008145462570552708
