BURSA HARMANCIK Belediye Meclisi Seçilen Mahalleler

c_HARMANCIK_AKALAN_MAH. = 0.36593687671642894
c_SACAKLI_MAH. = 0.6340631232835711
x_HARMANCIK_AKALAN_MAH. = 1.0
x_SACAKLI_MAH. = 1.0

Optimal objective value: 0.0010039165519121207
