BURSA BÜYÜKORHAN Belediye Meclisi Seçilen Mahalleler

c_HACILAR_MAH. = 0.5949566290270331
c_ORHAN_MAH. = 0.40504337097296694
x_HACILAR_MAH. = 1.0
x_ORHAN_MAH. = 1.0

Optimal objective value: 0.0009404783252349169
