BURSA YENÝÞEHÝR Belediye Meclisi Seçilen Mahalleler

c_CIHADIYE_MAH. = 0.3820845214318209
c_YOLOREN_MAH. = 0.6179154785681791
x_CIHADIYE_MAH. = 1.0
x_YOLOREN_MAH. = 1.0

Optimal objective value: 0.000521476342472238
