BURSA GEMLÝK Belediye Meclisi Seçilen Mahalleler

c_ATA_MAH. = 0.6128494649889251
c_NARLI_MAH. = 0.3871505350110748
x_ATA_MAH. = 1.0
x_NARLI_MAH. = 1.0

Optimal objective value: 0.0007830366246383003
