BURSA ORHANELÝ Belediye Meclisi Seçilen Mahalleler

c_MAHALLER_MAH. = 0.5195938031951881
c_CORELER_MAH. = 0.48040619680481195
x_MAHALLER_MAH. = 1.0
x_CORELER_MAH. = 1.0

Optimal objective value: 0.0005384783242535773
