BURSA MUDANYA Belediye Meclisi Seçilen Mahalleler

c_HANCERLI_MAH. = 0.5829451348814219
c_CAYONU_MAH. = 0.4170548651185782
x_HANCERLI_MAH. = 1.0
x_CAYONU_MAH. = 1.0

Optimal objective value: 0.0008396819690956736
