BURSA NÝLÜFER Belediye Meclisi Seçilen Mahalleler

c_BADIRGA_MAH. = 0.36142569670813496
c_GOLYAZI_MAH. = 0.638574303291865
x_BADIRGA_MAH. = 1.0
x_GOLYAZI_MAH. = 1.0

Optimal objective value: 0.0006709033630588612
