BURSA OSMANGAZÝ Belediye Meclisi Seçilen Mahalleler

c_ALACAHIRKA_MAH. = 0.5402338783704809
c_DEMIRKAPI_MAH. = 0.45976612162951913
x_ALACAHIRKA_MAH. = 1.0
x_DEMIRKAPI_MAH. = 1.0

Optimal objective value: 0.0010603161490363444
