BURSA YILDIRIM Belediye Meclisi Seçilen Mahalleler

c_EMIRSULTAN_MAH. = 0.9141760097576529
c_UMURBEY_MAH. = 0.08582399024234706
x_EMIRSULTAN_MAH. = 1.0
x_UMURBEY_MAH. = 1.0

Optimal objective value: 0.001305022218492824
