BURSA GÜRSU Belediye Meclisi Seçilen Mahalleler

c_KUMLUKALAN_MAH. = 0.16498439534759024
c_KURTULUS_MAH. = 0.8350156046524098
x_KUMLUKALAN_MAH. = 1.0
x_KURTULUS_MAH. = 1.0

Optimal objective value: 0.0013180635977924071
