BURSA KELES Belediye Meclisi Seçilen Mahalleler

c_AKCAPINAR_MAH. = 0.4253122488703338
c_DAVUTLAR_MAH. = 0.5746877511296662
x_AKCAPINAR_MAH. = 1.0
x_DAVUTLAR_MAH. = 1.0

Optimal objective value: 0.00044405037729977614
