BURSA MUSTAFAKEMALPAÞA Belediye Meclisi Seçilen Mahalleler

c_MELIK_MAH. = 0.8340411505665621
c_ILYASCILAR_MAH. = 0.1659588494334379
x_MELIK_MAH. = 1.0
x_ILYASCILAR_MAH. = 1.0

Optimal objective value: 0.0008303910046644214
