BURSA ÝNEGÖL Belediye Meclisi Seçilen Mahalleler

c_AKBASLAR_MAH. = 0.14175834440129403
c_SULEYMANIYE_MAH. = 0.858241655598706
x_AKBASLAR_MAH. = 1.0
x_SULEYMANIYE_MAH. = 1.0

Optimal objective value: 0.0008188757376277334
