DENÝZLÝ BEKÝLLÝ Belediye Meclisi Seçilen Mahalleler

c_BAHCELI_MAH. = 0.8895846318744045
c_COGASLI_MAH. = 0.11041536812559549
x_BAHCELI_MAH. = 1.0
x_COGASLI_MAH. = 1.0

Optimal objective value: 0.000477422165404473
