DENÝZLÝ ÇAL Belediye Meclisi Seçilen Mahalleler

c_DEVELLER_MAH. = 0.7433181587056882
c_CALCAKIRLAR_MAH. = 0.2566818412943118
x_DEVELLER_MAH. = 1.0
x_CALCAKIRLAR_MAH. = 1.0

Optimal objective value: 0.007786575882418378
