DENÝZLÝ SERÝNHÝSAR Belediye Meclisi Seçilen Mahalleler

c_YUREGIL_MAH. = 0.5872300190980959
c_SAIR_ESREF___MAH. = 0.4127699809019041
x_YUREGIL_MAH. = 1.0
x_SAIR_ESREF___MAH. = 1.0

Optimal objective value: 0.0018063309496596514
