DENÝZLÝ BABADAÐ Belediye Meclisi Seçilen Mahalleler

c_AHILLI_MAH. = 0.3115069561271966
c_YENIKOY_MAH. = 0.6884930438728034
x_AHILLI_MAH. = 1.0
x_YENIKOY_MAH. = 1.0

Optimal objective value: 0.0007611519405268385
