DENÝZLÝ ÇARDAK Belediye Meclisi Seçilen Mahalleler

c_GOLCUK_MAH. = 0.2754838199957248
c_SARAY_MAH. = 0.7245161800042752
x_GOLCUK_MAH. = 1.0
x_SARAY_MAH. = 1.0

Optimal objective value: 0.001775148979819785
