DENÝZLÝ ACIPAYAM Belediye Meclisi Seçilen Mahalleler

c_BADEMLI_MAH. = 0.6979315738839913
c_OLUKBASI_MAH. = 0.3020684261160087
x_BADEMLI_MAH. = 1.0
x_OLUKBASI_MAH. = 1.0

Optimal objective value: 0.00046170601768980024
