DENÝZLÝ BAKLAN Belediye Meclisi Seçilen Mahalleler

c_BOGAZICI_MAH. = 0.32630307760775445
c_GOKPINAR_MAH. = 0.6736969223922455
x_BOGAZICI_MAH. = 1.0
x_GOKPINAR_MAH. = 1.0

Optimal objective value: 0.00045681363704830336
