DENÝZLÝ BEYAÐAÇ Belediye Meclisi Seçilen Mahalleler

c_ESENLER_MAH. = 0.5044774739544401
c_FATIH_MAH. = 0.4955225260455599
x_ESENLER_MAH. = 1.0
x_FATIH_MAH. = 1.0

Optimal objective value: 0.0003773257831209964
