DENÝZLÝ PAMUKKALE Belediye Meclisi Seçilen Mahalleler

c_KUSPINAR_MAH. = 0.3489251118633512
c_KUCUKDERE_MAH. = 0.6510748881366488
x_KUSPINAR_MAH. = 1.0
x_KUCUKDERE_MAH. = 1.0

Optimal objective value: 0.0014159909046231878
