DENÝZLÝ BULDAN Belediye Meclisi Seçilen Mahalleler

c_KASIKCI_MAH. = 0.26407249538242095
c_YENICEKENT_MAH. = 0.735927504617579
x_KASIKCI_MAH. = 1.0
x_YENICEKENT_MAH. = 1.0

Optimal objective value: 0.00044206287106507425
