DENÝZLÝ MERKEZEFENDÝ Belediye Meclisi Seçilen Mahalleler

c_BEREKETLER_MAH. = 0.473879912725896
c_DEGIRMENONU_MAH. = 0.526120087274104
x_BEREKETLER_MAH. = 1.0
x_DEGIRMENONU_MAH. = 1.0

Optimal objective value: 0.0009977391265999502
