DÝYARBAKIR EÐÝL Belediye Meclisi Seçilen Mahalleler

c_BALABAN_MAH. = 0.5295226041832019
c_KONAK_MAH. = 0.47047739581679815
x_BALABAN_MAH. = 1.0
x_KONAK_MAH. = 1.0

Optimal objective value: 0.00045072784231703356
