DÝYARBAKIR KAYAPINAR Belediye Meclisi Seçilen Mahalleler

c_AVCISUYU_MAH. = 0.2830039781652035
c_COLGUZELI_MAH. = 0.7169960218347965
x_AVCISUYU_MAH. = 1.0
x_COLGUZELI_MAH. = 1.0

Optimal objective value: 0.0010240540767393336
