DÝYARBAKIR ÇINAR Belediye Meclisi Seçilen Mahalleler

c_MURATCIK_MAH. = 0.6584358865458639
c_SUKURLU_MAH. = 0.3415641134541361
x_MURATCIK_MAH. = 1.0
x_SUKURLU_MAH. = 1.0

Optimal objective value: 0.0008410146237518568
