DÝYARBAKIR ERGANÝ Belediye Meclisi Seçilen Mahalleler

c_SOKUNDUZU_MAH. = 0.6581727892119076
c_CIMLIHOYUK_MAH. = 0.3418272107880925
x_SOKUNDUZU_MAH. = 1.0
x_CIMLIHOYUK_MAH. = 1.0

Optimal objective value: 0.0004578250375657511
