DÝYARBAKIR ÇÜNGÜÞ Belediye Meclisi Seçilen Mahalleler

c_POLATUSAGI_MAH. = 0.2459113018266187
c_YENIKOY_MAH. = 0.7540886981733813
x_POLATUSAGI_MAH. = 1.0
x_YENIKOY_MAH. = 1.0

Optimal objective value: 0.0008890764823337172
