DÝYARBAKIR YENÝÞEHÝR Belediye Meclisi Seçilen Mahalleler

c_YOLALTI_MAH. = 0.7801564487306579
c_YUKARI_NASIRLAR_MAH. = 0.21984355126934207
x_YOLALTI_MAH. = 1.0
x_YUKARI_NASIRLAR_MAH. = 1.0

Optimal objective value: 0.0003663609817360358
