DÝYARBAKIR KOCAKÖY Belediye Meclisi Seçilen Mahalleler

c_GUNALAN_MAH. = 0.5154919490457766
c_KOKULUPINAR_MAH. = 0.4845080509542234
x_GUNALAN_MAH. = 1.0
x_KOKULUPINAR_MAH. = 1.0

Optimal objective value: 0.0005874660910489826
