DÝYARBAKIR SÝLVAN Belediye Meclisi Seçilen Mahalleler

c_AKDERE_MAH. = 0.7629603980149949
c_ONBASILAR_MAH. = 0.2370396019850051
x_AKDERE_MAH. = 1.0
x_ONBASILAR_MAH. = 1.0

Optimal objective value: 0.0009214347038255521
