DÝYARBAKIR SUR Belediye Meclisi Seçilen Mahalleler

c_KARTALTEPE_MAH. = 0.6653961738093458
c_YESILKOY_MAH. = 0.3346038261906542
x_KARTALTEPE_MAH. = 1.0
x_YESILKOY_MAH. = 1.0

Optimal objective value: 0.0007527960640576481
