DÝYARBAKIR KULP Belediye Meclisi Seçilen Mahalleler

c_BASBUG_MAH. = 0.6728124120471727
c_TASKOPRU_MAH. = 0.3271875879528273
x_BASBUG_MAH. = 1.0
x_TASKOPRU_MAH. = 1.0

Optimal objective value: 0.0003693662364653294
