DÜZCE DÜZCE MERKEZ - BEYKÖY Belediye Meclisi Seçilen Mahalleler

c_BEYKOY-KULTUR__MAH. = 0.4740705269082158
c_BEYKOY-ISTIKLAL_MAH. = 0.5259294730917843
x_BEYKOY-KULTUR__MAH. = 1.0
x_BEYKOY-ISTIKLAL_MAH. = 1.0

Optimal objective value: 0.0006863369080603032
