DÜZCE AKÇAKOCA Belediye Meclisi Seçilen Mahalleler

c_OSMANIYE_MAH. = 0.6002832934946354
c_YUKARI_MAH. = 0.39971670650536456
x_OSMANIYE_MAH. = 1.0
x_YUKARI_MAH. = 1.0

Optimal objective value: 0.0003527297315970568
