DÜZCE DÜZCE MERKEZ Belediye Meclisi Seçilen Mahalleler

c_BURHANIYE_MAH. = 0.8458144873865504
c_SALLAR_MAH. = 0.1541855126134496
x_BURHANIYE_MAH. = 1.0
x_SALLAR_MAH. = 1.0

Optimal objective value: 0.0005312926059090062
