DÜZCE ÇÝLÝMLÝ Belediye Meclisi Seçilen Mahalleler

c_ARABACI_MAH. = 0.2811214588231006
c_MAHIRAGA_MAH. = 0.7188785411768994
x_ARABACI_MAH. = 1.0
x_MAHIRAGA_MAH. = 1.0

Optimal objective value: 0.00034308382615722
