DÜZCE CUMAYERÝ Belediye Meclisi Seçilen Mahalleler

c_YENI_MAH. = 0.06736154526949054
c_CEVRIK_MAH. = 0.9326384547305094
x_YENI_MAH. = 1.0
x_CEVRIK_MAH. = 1.0

Optimal objective value: 0.001349926295990178
