DÜZCE YIÐILCA Belediye Meclisi Seçilen Mahalleler

c_AHMETCILER_MAH. = 0.5272174181374532
c_ORHANGAZI_MAH. = 0.4727825818625469
x_AHMETCILER_MAH. = 1.0
x_ORHANGAZI_MAH. = 1.0

Optimal objective value: 0.0015077884133072317
