DÜZCE KAYNAÞLI Belediye Meclisi Seçilen Mahalleler

c_KARACALI_MAH. = 0.4749084784543216
c_CELE_MAH. = 0.5250915215456784
x_KARACALI_MAH. = 1.0
x_CELE_MAH. = 1.0

Optimal objective value: 0.00023219266709439967
