DÜZCE GÜMÜÞOVA Belediye Meclisi Seçilen Mahalleler

c_FATIH_MAH. = 0.2261309840369531
c_KULTUR_MAH. = 0.7738690159630469
x_FATIH_MAH. = 1.0
x_KULTUR_MAH. = 1.0

Optimal objective value: 0.0008635241063124077
