EDÝRNE KEÞAN - BEÐENDÝK Belediye Meclisi Seçilen Mahalleler

c_BEGENDIK-AYDOGAN_MAH. = 0.18253200062086286
c_BEGENDIK-BEYKENT_MAH. = 0.8174679993791372
x_BEGENDIK-AYDOGAN_MAH. = 1.0
x_BEGENDIK-BEYKENT_MAH. = 1.0

Optimal objective value: 0.0001438095579332499
