EDÝRNE HAVSA Belediye Meclisi Seçilen Mahalleler

c_CUMHURIYET_MAH. = 0.8801473584895677
c_HACIGAZI_MAH. = 0.11985264151043226
x_CUMHURIYET_MAH. = 1.0
x_HACIGAZI_MAH. = 1.0

Optimal objective value: 0.0014773822622683452
