EDÝRNE EDÝRNE MERKEZ Belediye Meclisi Seçilen Mahalleler

c_1.MURAT_MAH. = 0.42740357709507426
c_BARUTLUK_MAH. = 0.5725964229049257
x_1.MURAT_MAH. = 1.0
x_BARUTLUK_MAH. = 1.0

Optimal objective value: 0.0020932244817880585
