EDÝRNE KEÞAN Belediye Meclisi Seçilen Mahalleler

c_MUSTAFA_KEMAL_PASA__MAH. = 0.5003837157981226
c_ISTASYON_MAH. = 0.4996162842018774
x_MUSTAFA_KEMAL_PASA__MAH. = 1.0
x_ISTASYON_MAH. = 1.0

Optimal objective value: 0.0009545423375115769
