EDÝRNE SÜLOÐLU Belediye Meclisi Seçilen Mahalleler

c_CUMHURIYET_MAH. = 0.30641674869208957
c_MERKEZ_MAH. = 0.6935832513079104
x_CUMHURIYET_MAH. = 1.0
x_MERKEZ_MAH. = 1.0

Optimal objective value: 0.0011258853768378874
