EDÝRNE UZUNKÖPRÜ Belediye Meclisi Seçilen Mahalleler

c_ATATURK_MAH. = 0.5739136743480178
c_MARESAL_FEVZI_CAKMAK_MAH. = 0.42608632565198223
x_ATATURK_MAH. = 1.0
x_MARESAL_FEVZI_CAKMAK_MAH. = 1.0

Optimal objective value: 0.0006896416760585611
