ELAZIÐ KEBAN Belediye Meclisi Seçilen Mahalleler

c_BARAJ_MAH. = 0.9528899107674659
c_DEGIRMENBASI_MAH. = 0.04711008923253412
x_BARAJ_MAH. = 1.0
x_DEGIRMENBASI_MAH. = 1.0

Optimal objective value: 0.08876191598000982
