ELAZIÐ KARAKOÇAN Belediye Meclisi Seçilen Mahalleler

c_KIRKPINAR_MAH. = 0.7411676699036471
c_KULUBABA_MAH. = 0.25883233009635287
x_KIRKPINAR_MAH. = 1.0
x_KULUBABA_MAH. = 1.0

Optimal objective value: 0.05682014888675824
