ELAZIÐ ARICAK - ÜÇOCAK Belediye Meclisi Seçilen Mahalleler

c_UCOCAK-KUTLU_DUGUN_MAH. = 0.6290161996308163
c_UCOCAK-CAY_MAH. = 0.3709838003691836
x_UCOCAK-KUTLU_DUGUN_MAH. = 1.0
x_UCOCAK-CAY_MAH. = 1.0

Optimal objective value: 0.03704640420539507
