ELAZIÐ KOVANCILAR Belediye Meclisi Seçilen Mahalleler

c_BAHCELIEVLER_MAH. = 0.7062675953868058
c_BAGLAR_MAH. = 0.29373240461319416
x_BAHCELIEVLER_MAH. = 1.0
x_BAGLAR_MAH. = 1.0

Optimal objective value: 0.002676816028090556
