ELAZIÐ ALACAKAYA Belediye Meclisi Seçilen Mahalleler

c_GUNDOGDU_MAH. = 0.7935001401783583
c_SULARBASI_MAH. = 0.2064998598216417
x_GUNDOGDU_MAH. = 1.0
x_SULARBASI_MAH. = 1.0

Optimal objective value: 0.007463015063637446
