ELAZIÐ ARICAK Belediye Meclisi Seçilen Mahalleler

c_HURRIYET_MAH. = 0.5973510029983369
c_VALI_GOKTAYOGLU__MAH. = 0.4026489970016632
x_HURRIYET_MAH. = 1.0
x_VALI_GOKTAYOGLU__MAH. = 1.0

Optimal objective value: 0.016196836770498768
