ELAZIÐ SÝVRÝCE Belediye Meclisi Seçilen Mahalleler

c_OLGUNLAR_MAH. = 0.8236303233742892
c_SANAYI_MAH. = 0.1763696766257108
x_OLGUNLAR_MAH. = 1.0
x_SANAYI_MAH. = 1.0

Optimal objective value: 0.0031600306687740165
