ELAZIÐ ARICAK - ERÝMLÝ Belediye Meclisi Seçilen Mahalleler

c_ERIMLI-CUMHURIYET_MAH. = 0.3922396385644693
c_ERIMLI-KISLA_MAH. = 0.6077603614355307
x_ERIMLI-CUMHURIYET_MAH. = 1.0
x_ERIMLI-KISLA_MAH. = 1.0

Optimal objective value: 0.018605260969429827
