ELAZIÐ BASKÝL Belediye Meclisi Seçilen Mahalleler

c_CANBEYLER_MAH. = 0.008058296515542573
c_CUMHURIYET_MAH. = 0.9919417034844574
x_CANBEYLER_MAH. = 1.0
x_CUMHURIYET_MAH. = 1.0

Optimal objective value: 0.0005869438566441509
