ELAZIÐ PALU - BEYHAN Belediye Meclisi Seçilen Mahalleler

c_BEYHAN-GUNEY_MAH. = 0.6493972836060848
c_BEYHAN-KARSIYAKA_MAH. = 0.3506027163939151
x_BEYHAN-GUNEY_MAH. = 1.0
x_BEYHAN-KARSIYAKA_MAH. = 1.0

Optimal objective value: 0.02558781560476997
