ELAZIÐ AÐIN Belediye Meclisi Seçilen Mahalleler

c_BASPINAR_MAH. = 0.5329600585960864
c_MERKEZ_MAH. = 0.4670399414039136
x_BASPINAR_MAH. = 1.0
x_MERKEZ_MAH. = 1.0

Optimal objective value: 0.020981877866792287
