ELAZIÐ PALU Belediye Meclisi Seçilen Mahalleler

c_ESENTEPE_MAH. = 0.0017817196587452955
c_KALEKENT_MAH. = 0.9982182803412547
x_ESENTEPE_MAH. = 1.0
x_KALEKENT_MAH. = 1.0

Optimal objective value: 0.006666002841371643
