ERZÝNCAN TERCAN Belediye Meclisi Seçilen Mahalleler

c_MAMAHATUN_MAH. = 0.5949380904263463
c_YAVUZ_SELIM_MAH. = 0.40506190957365373
x_MAMAHATUN_MAH. = 1.0
x_YAVUZ_SELIM_MAH. = 1.0

Optimal objective value: 0.0007609028005052254
