ERZÝNCAN ÜZÜMLÜ Belediye Meclisi Seçilen Mahalleler

c_BABACAN_MAH. = 0.4630741430216174
c_YUNUS_EMRE_MAH. = 0.5369258569783826
x_BABACAN_MAH. = 1.0
x_YUNUS_EMRE_MAH. = 1.0

Optimal objective value: 0.0009159119871575694
