ERZÝNCAN REFAHÝYE Belediye Meclisi Seçilen Mahalleler

c_HAKOGLU_MAH. = 0.12778696993854655
c_HOKUMET_MAH. = 0.8722130300614535
x_HAKOGLU_MAH. = 1.0
x_HOKUMET_MAH. = 1.0

Optimal objective value: 0.0009526484749631248
