ERZÝNCAN OTLUKBELÝ Belediye Meclisi Seçilen Mahalleler

c_MEHMET_AKIF_ERSOY_MAH. = 0.6406287546323911
c_SEHITLER_MAH. = 0.3593712453676089
x_MEHMET_AKIF_ERSOY_MAH. = 1.0
x_SEHITLER_MAH. = 1.0

Optimal objective value: 3.049716237513156e-05
