ERZÝNCAN ÇAYIRLI Belediye Meclisi Seçilen Mahalleler

c_ATATURK_MAH. = 0.5633976612198046
c_BARBAROS_MAH. = 0.4366023387801954
x_ATATURK_MAH. = 1.0
x_BARBAROS_MAH. = 1.0

Optimal objective value: 0.0032130931888691983
