ERZÝNCAN ERZÝNCAN MERKEZ Belediye Meclisi Seçilen Mahalleler

c_BASBAGLAR_MAH. = 0.3047569872253519
c_KIZILAY_MAH. = 0.6952430127746481
x_BASBAGLAR_MAH. = 1.0
x_KIZILAY_MAH. = 1.0

Optimal objective value: 0.0011068658160393596
