ERZÝNCAN KEMALÝYE Belediye Meclisi Seçilen Mahalleler

c_SANDIKBAGI_MAH. = 0.3958163654151095
c_ISHAKPASA_MAH. = 0.6041836345848905
x_SANDIKBAGI_MAH. = 1.0
x_ISHAKPASA_MAH. = 1.0

Optimal objective value: 0.002537141725748593
