ERZÝNCAN ÝLÝÇ Belediye Meclisi Seçilen Mahalleler

c_ABDULLAH_PASA_MAH. = 0.8697602449718945
c_FATIH_MAH. = 0.13023975502810545
x_ABDULLAH_PASA_MAH. = 1.0
x_FATIH_MAH. = 1.0

Optimal objective value: 0.0010052357929787314
