ERZÝNCAN TERCAN - MERCAN Belediye Meclisi Seçilen Mahalleler

c_MERCAN-ATATURK_MAH. = 0.7822799169407172
c_MERCAN-FATIH_MAH. = 0.2177200830592828
x_MERCAN-ATATURK_MAH. = 1.0
x_MERCAN-FATIH_MAH. = 1.0

Optimal objective value: 0.0012790274480632968
