ERZURUM PALANDÖKEN Belediye Meclisi Seçilen Mahalleler

c_MUFTU_SOLAKZADE_MAH. = 0.8599200375303168
c_TOPARLAK_MAH. = 0.14007996246968324
x_MUFTU_SOLAKZADE_MAH. = 1.0
x_TOPARLAK_MAH. = 1.0

Optimal objective value: 0.0012768821100274108
