ERZURUM OLUR Belediye Meclisi Seçilen Mahalleler

c_MERKEZ-MERKEZ_YESILBAGLAR_MAH. = 0.40305893604519605
c_SALPAZARI_MAH. = 0.596941063954804
x_MERKEZ-MERKEZ_YESILBAGLAR_MAH. = 1.0
x_SALPAZARI_MAH. = 1.0

Optimal objective value: 0.004685483148984204
