ERZURUM PAZARYOLU Belediye Meclisi Seçilen Mahalleler

c_BUYUKDERE_MAH. = 0.6005096438308422
c_YAYLAOZU_MAH. = 0.3994903561691578
x_BUYUKDERE_MAH. = 1.0
x_YAYLAOZU_MAH. = 1.0

Optimal objective value: 0.0013939905796069851
