ERZURUM ÇAT Belediye Meclisi Seçilen Mahalleler

c_BOZYAZI_MAH. = 0.6356806502102035
c_BUDAKLAR_MAH. = 0.3643193497897965
x_BOZYAZI_MAH. = 1.0
x_BUDAKLAR_MAH. = 1.0

Optimal objective value: 0.011801219612655789
