ERZURUM TORTUM Belediye Meclisi Seçilen Mahalleler

c_CIVILIKAYA_MAH. = 0.7575858500931197
c_INCEDERE_MAH. = 0.24241414990688026
x_CIVILIKAYA_MAH. = 1.0
x_INCEDERE_MAH. = 1.0

Optimal objective value: 0.0014568104996617315
