ERZURUM KARAÇOBAN Belediye Meclisi Seçilen Mahalleler

c_BOZYAR_MAH. = 0.5956222211633639
c_KARAGOZ_MAH. = 0.40437777883663606
x_BOZYAR_MAH. = 1.0
x_KARAGOZ_MAH. = 1.0

Optimal objective value: 0.0005475238696359686
