ERZURUM TEKMAN Belediye Meclisi Seçilen Mahalleler

c_YONCALI_MAH. = 0.6119311303234847
c_INCESU_MAH. = 0.38806886967651527
x_YONCALI_MAH. = 1.0
x_INCESU_MAH. = 1.0

Optimal objective value: 0.0012766832681397888
