ERZURUM AZÝZÝYE Belediye Meclisi Seçilen Mahalleler

c_SELCUKLU_MAH. = 0.6600636996694373
c_YESILVADI_MAH. = 0.33993630033056266
x_SELCUKLU_MAH. = 1.0
x_YESILVADI_MAH. = 1.0

Optimal objective value: 0.002498801736859013
