ERZURUM OLTU Belediye Meclisi Seçilen Mahalleler

c_ELMADUZU_MAH. = 0.4660407486557633
c_SEHITLER_MAH. = 0.5339592513442367
x_ELMADUZU_MAH. = 1.0
x_SEHITLER_MAH. = 1.0

Optimal objective value: 0.0008844923921698111
