ERZURUM HORASAN Belediye Meclisi Seçilen Mahalleler

c_FATIH_SULTAN_MEHMET_MAH. = 0.8725523132004995
c_HASANBEY_MAH. = 0.1274476867995005
x_FATIH_SULTAN_MEHMET_MAH. = 1.0
x_HASANBEY_MAH. = 1.0

Optimal objective value: 0.0008656595334332051
