ERZURUM AÞKALE Belediye Meclisi Seçilen Mahalleler

c_MERDIVENKOY_MAH. = 0.5107699235778497
c_SAPTIRAN_MAH. = 0.48923007642215033
x_MERDIVENKOY_MAH. = 1.0
x_SAPTIRAN_MAH. = 1.0

Optimal objective value: 0.0014297183337714792
