ERZURUM ÝSPÝR Belediye Meclisi Seçilen Mahalleler

c_DEMIRKAYA_MAH. = 0.29717614782838075
c_CATAKKAYA_MAH. = 0.7028238521716192
x_DEMIRKAYA_MAH. = 1.0
x_CATAKKAYA_MAH. = 1.0

Optimal objective value: 0.0008562503107965025
