ERZURUM PASÝNLER Belediye Meclisi Seçilen Mahalleler

c_GOLCIGEZ_MAH. = 0.3039800306039466
c_PASABEY_MAH. = 0.6960199693960534
x_GOLCIGEZ_MAH. = 1.0
x_PASABEY_MAH. = 1.0

Optimal objective value: 0.0007858664619685429
