ERZURUM KARAYAZI Belediye Meclisi Seçilen Mahalleler

c_PAYVEREN_MAH. = 0.44777514124238205
c_YOLGOREN_MAH. = 0.552224858757618
x_PAYVEREN_MAH. = 1.0
x_YOLGOREN_MAH. = 1.0

Optimal objective value: 0.0005096651538499808
