ERZURUM YAKUTÝYE Belediye Meclisi Seçilen Mahalleler

c_AKDAG_MAH. = 0.6023365312507815
c_CIFTLIK_MAH. = 0.39766346874921854
x_AKDAG_MAH. = 1.0
x_CIFTLIK_MAH. = 1.0

Optimal objective value: 0.0010721785447183052
