ERZURUM NARMAN Belediye Meclisi Seçilen Mahalleler

c_CAMIIKEBIR_MAH. = 0.6478570642294109
c_KILIMLI_MAH. = 0.3521429357705891
x_CAMIIKEBIR_MAH. = 1.0
x_KILIMLI_MAH. = 1.0

Optimal objective value: 0.0029195961126285974
