ERZURUM ÞENKAYA Belediye Meclisi Seçilen Mahalleler

c_PENEK_MAH. = 0.41826672874766624
c_TEKETAS_MAH. = 0.5817332712523338
x_PENEK_MAH. = 1.0
x_TEKETAS_MAH. = 1.0

Optimal objective value: 0.044015251680943335
