ERZURUM UZUNDERE Belediye Meclisi Seçilen Mahalleler

c_ALTINCANAK_MAH. = 0.202471259220544
c_MURATEFENDI_MAH. = 0.797528740779456
x_ALTINCANAK_MAH. = 1.0
x_MURATEFENDI_MAH. = 1.0

Optimal objective value: 0.00043498789242457647
