ESKÝÞEHÝR GÜNYÜZÜ Belediye Meclisi Seçilen Mahalleler

c_AYVALI_MAH. = 0.8569747586071155
c_YAGRI_MAH. = 0.14302524139288447
x_AYVALI_MAH. = 1.0
x_YAGRI_MAH. = 1.0

Optimal objective value: 0.0013134289234938423
