ESKÝÞEHÝR ODUNPAZARI Belediye Meclisi Seçilen Mahalleler

c_AVDAN_MAH. = 0.3239091565632185
c_SULTANDERE_MAH. = 0.6760908434367815
x_AVDAN_MAH. = 1.0
x_SULTANDERE_MAH. = 1.0

Optimal objective value: 0.0010054266820427316
