ESKÝÞEHÝR ÇÝFTELER Belediye Meclisi Seçilen Mahalleler

c_BELPINAR_MAH. = 0.1679555506273187
c_YENI_MAH. = 0.8320444493726813
x_BELPINAR_MAH. = 1.0
x_YENI_MAH. = 1.0

Optimal objective value: 0.00043772718675416655
