ESKÝÞEHÝR HAN Belediye Meclisi Seçilen Mahalleler

c_HACILAR_MAH. = 0.787079963630366
c_KAYI_MAH. = 0.2129200363696339
x_HACILAR_MAH. = 1.0
x_KAYI_MAH. = 1.0

Optimal objective value: 0.003029596246190369
