ESKÝÞEHÝR MÝHALIÇÇIK Belediye Meclisi Seçilen Mahalleler

c_KIZILBORUKLU_MAH. = 0.8341866158172349
c_SEKIOREN_MAH. = 0.16581338418276517
x_KIZILBORUKLU_MAH. = 1.0
x_SEKIOREN_MAH. = 1.0

Optimal objective value: 0.0032844439508648016
