ESKÝÞEHÝR MÝHALGAZÝ Belediye Meclisi Seçilen Mahalleler

c_CUMHURIYET_MAH. = 0.6411120364088904
c_KARAOGLAN_MAH. = 0.35888796359110964
x_CUMHURIYET_MAH. = 1.0
x_KARAOGLAN_MAH. = 1.0

Optimal objective value: 0.0047821022394166635
