ESKÝÞEHÝR MAHMUDÝYE Belediye Meclisi Seçilen Mahalleler

c_YENI_MAH. = 0.7151729391607736
c_SEREFIYE_MAH. = 0.2848270608392264
x_YENI_MAH. = 1.0
x_SEREFIYE_MAH. = 1.0

Optimal objective value: 0.0017609249540651017
