ESKÝÞEHÝR SÝVRÝHÝSAR Belediye Meclisi Seçilen Mahalleler

c_ERTUGRULKOY_MAH. = 0.4700390145100125
c_YENIKOY_MAH. = 0.5299609854899875
x_ERTUGRULKOY_MAH. = 1.0
x_YENIKOY_MAH. = 1.0

Optimal objective value: 0.009162455335012032
