ESKÝÞEHÝR TEPEBAÞI Belediye Meclisi Seçilen Mahalleler

c_AHILAR_MAH. = 0.2260690676100492
c_YUKARI_SOGUTONU_MAH. = 0.7739309323899508
x_AHILAR_MAH. = 1.0
x_YUKARI_SOGUTONU_MAH. = 1.0

Optimal objective value: 0.0005591307592718309
