ESKÝÞEHÝR BEYLÝKOVA Belediye Meclisi Seçilen Mahalleler

c_DOGRAY_MAH. = 0.359771676979718
c_KOPRUBASI_MAH. = 0.640228323020282
x_DOGRAY_MAH. = 1.0
x_KOPRUBASI_MAH. = 1.0

Optimal objective value: 0.00101022453360744
