ESKÝÞEHÝR ÝNÖNÜ Belediye Meclisi Seçilen Mahalleler

c_ESNEMEZ_MAH. = 0.20463445442850714
c_KUMBET_MAH. = 0.7953655455714929
x_ESNEMEZ_MAH. = 1.0
x_KUMBET_MAH. = 1.0

Optimal objective value: 0.005260553344511365
