GAZÝANTEP ARABAN Belediye Meclisi Seçilen Mahalleler

c_KUCUKLU_MAH. = 0.1361198223902662
c_TASDEGIRMEN_MAH. = 0.8638801776097338
x_KUCUKLU_MAH. = 1.0
x_TASDEGIRMEN_MAH. = 1.0

Optimal objective value: 0.0020277149762500946
