GAZÝANTEP ÝSLAHÝYE Belediye Meclisi Seçilen Mahalleler

c_ERENLER_MAH. = 0.4988319813881298
c_KALE_MAH. = 0.5011680186118702
x_ERENLER_MAH. = 1.0
x_KALE_MAH. = 1.0

Optimal objective value: 0.0013391819038079955
