GAZÝANTEP ÞEHÝTKAMÝL Belediye Meclisi Seçilen Mahalleler

c_EYDIBABA_MAH. = 0.788763444375919
c_TEKIRSIN_MAH. = 0.2112365556240809
x_EYDIBABA_MAH. = 1.0
x_TEKIRSIN_MAH. = 1.0

Optimal objective value: 0.0015958099418086347
