GAZÝANTEP ÞAHÝNBEY Belediye Meclisi Seçilen Mahalleler

c_DENIZ_MAH. = 0.7827225960078927
c_TURKMENLER_MAH. = 0.2172774039921073
x_DENIZ_MAH. = 1.0
x_TURKMENLER_MAH. = 1.0

Optimal objective value: 0.0010993667938654639
