GAZÝANTEP NURDAÐI Belediye Meclisi Seçilen Mahalleler

c_BASPINAR_MAH. = 0.5824202829474234
c_KIRISKAL_MAH. = 0.4175797170525765
x_BASPINAR_MAH. = 1.0
x_KIRISKAL_MAH. = 1.0

Optimal objective value: 0.009092078584925112
