GAZÝANTEP NÝZÝP Belediye Meclisi Seçilen Mahalleler

c_ERENKOY_MAH. = 0.689171029545141
c_ESKIKONAK_MAH. = 0.31082897045485897
x_ERENKOY_MAH. = 1.0
x_ESKIKONAK_MAH. = 1.0

Optimal objective value: 0.0030580713191464826
