GAZÝANTEP YAVUZELÝ Belediye Meclisi Seçilen Mahalleler

c_ASAGIKEKLIKTEPE_MAH. = 0.5816943592320105
c_YUKARIYENIKOY_MAH. = 0.41830564076798954
x_ASAGIKEKLIKTEPE_MAH. = 1.0
x_YUKARIYENIKOY_MAH. = 1.0

Optimal objective value: 0.0008133443655023997
