GÝRESUN EYNESÝL Belediye Meclisi Seçilen Mahalleler

c_ALTINLI_MAH. = 0.34042032575627035
c_GUMUSCAY_MAH. = 0.6595796742437297
x_ALTINLI_MAH. = 1.0
x_GUMUSCAY_MAH. = 1.0

Optimal objective value: 0.0002642427667133296
