GÝRESUN ÞEBÝNKARAHÝSAR Belediye Meclisi Seçilen Mahalleler

c_BULBUL_MAH. = 0.8210600203957704
c_KAVAKLAR_MAH. = 0.17893997960422955
x_BULBUL_MAH. = 1.0
x_KAVAKLAR_MAH. = 1.0

Optimal objective value: 0.0007076618616769226
