GÝRESUN BULANCAK Belediye Meclisi Seçilen Mahalleler

c_BALLICA_MAH. = 0.4518875040258409
c_SEMSETTIN_MAH. = 0.5481124959741591
x_BALLICA_MAH. = 1.0
x_SEMSETTIN_MAH. = 1.0

Optimal objective value: 0.0006837217935743434
