GÝRESUN YAÐLIDERE Belediye Meclisi Seçilen Mahalleler

c_AKDOGAN__MAH. = 0.13405704865489887
c_BUK_MAH. = 0.8659429513451011
x_AKDOGAN__MAH. = 1.0
x_BUK_MAH. = 1.0

Optimal objective value: 0.0014788332874767773
