GÝRESUN KEÞAP Belediye Meclisi Seçilen Mahalleler

c_BOZKURT_MAH. = 0.9152755732423603
c_YOLICI_MAH. = 0.08472442675763968
x_BOZKURT_MAH. = 1.0
x_YOLICI_MAH. = 1.0

Optimal objective value: 0.00041024614200191323
