GÝRESUN DERELÝ Belediye Meclisi Seçilen Mahalleler

c_BAHCELI_MAH. = 0.21956033905440753
c_KUSLUHAN_MAH. = 0.7804396609455925
x_BAHCELI_MAH. = 1.0
x_KUSLUHAN_MAH. = 1.0

Optimal objective value: 0.002775085381383602
