GÝRESUN GÖRELE - ÇAVUÞLU Belediye Meclisi Seçilen Mahalleler

c_CAVUSLU-MERKEZ_MAH. = 0.48788247656015304
c_CAVUSLU-YENIKOY_MAH. = 0.512117523439847
x_CAVUSLU-MERKEZ_MAH. = 1.0
x_CAVUSLU-YENIKOY_MAH. = 1.0

Optimal objective value: 0.003817978240756803
