GÝRESUN ÇAMOLUK Belediye Meclisi Seçilen Mahalleler

c_KARSIYAKA_MAH. = 0.24278183135249085
c_KURTULUS_MAH. = 0.7572181686475091
x_KARSIYAKA_MAH. = 1.0
x_KURTULUS_MAH. = 1.0

Optimal objective value: 0.0013108605457803346
