GÝRESUN YAÐLIDERE - ÜÇTEPE Belediye Meclisi Seçilen Mahalleler

c_UCTEPE-GULTEPE_MAH. = 0.1394324121231142
c_UCTEPE-KOZBUKU_MAH. = 0.8605675878768858
x_UCTEPE-GULTEPE_MAH. = 1.0
x_UCTEPE-KOZBUKU_MAH. = 1.0

Optimal objective value: 0.0014286376237868659
