GÝRESUN GÝRESUN MERKEZ Belediye Meclisi Seçilen Mahalleler

c_AKSU_MAH. = 0.5267895010426948
c_CINARLAR_MAH. = 0.4732104989573052
x_AKSU_MAH. = 1.0
x_CINARLAR_MAH. = 1.0

Optimal objective value: 0.00036265402690394133
