GÝRESUN BULANCAK - KOVANLIK Belediye Meclisi Seçilen Mahalleler

c_KOVANLIK-DUZ_MAH. = 0.29675773640265857
c_KOVANLIK-SOFULU_MAH. = 0.7032422635973414
x_KOVANLIK-DUZ_MAH. = 1.0
x_KOVANLIK-SOFULU_MAH. = 1.0

Optimal objective value: 0.008655656752956986
