GÝRESUN EYNESÝL - ÖREN Belediye Meclisi Seçilen Mahalleler

c_OREN-CAMIDUZU_MAH. = 0.745134924998428
c_OREN-TAMYANI_MAH. = 0.2548650750015719
x_OREN-CAMIDUZU_MAH. = 1.0
x_OREN-TAMYANI_MAH. = 1.0

Optimal objective value: 0.0035985423223787727
