GÝRESUN DOÐANKENT Belediye Meclisi Seçilen Mahalleler

c_SADAKLI_MAH. = 0.3925892520400637
c_YESILTEPE_MAH. = 0.6074107479599363
x_SADAKLI_MAH. = 1.0
x_YESILTEPE_MAH. = 1.0

Optimal objective value: 0.006484627352607686
