GÜMÜÞHANE GÜMÜÞHANE MERKEZ Belediye Meclisi Seçilen Mahalleler

c_BAGLARBASI_MAH. = 0.09666862672242088
c_KARAER_MAH. = 0.9033313732775792
x_BAGLARBASI_MAH. = 1.0
x_KARAER_MAH. = 1.0

Optimal objective value: 0.0004193044199425344
