GÜMÜÞHANE ÞÝRAN Belediye Meclisi Seçilen Mahalleler

c_TEKKE_MAH. = 0.6023838545073295
c_SEHIT_HAKAN_MAH. = 0.39761614549267055
x_TEKKE_MAH. = 1.0
x_SEHIT_HAKAN_MAH. = 1.0

Optimal objective value: 0.0005474165703781564
