GÜMÜÞHANE KÖSE Belediye Meclisi Seçilen Mahalleler

c_YAVUZ_SELIM_MAH. = 0.754714816901657
c_YENI_MAH. = 0.245285183098343
x_YAVUZ_SELIM_MAH. = 1.0
x_YENI_MAH. = 1.0

Optimal objective value: 6.131813007548281e-05
