GÜMÜÞHANE KELKÝT - ÖBEKTAÞ Belediye Meclisi Seçilen Mahalleler

c_OBEKTAS-ESENTEPE_MAH. = 0.45425812039118574
c_OBEKTAS-FATIH_MAH. = 0.5457418796088143
x_OBEKTAS-ESENTEPE_MAH. = 1.0
x_OBEKTAS-FATIH_MAH. = 1.0

Optimal objective value: 0.0020348048614849956
