GÜMÜÞHANE KELKÝT Belediye Meclisi Seçilen Mahalleler

c_KUCUKCAMI_MAH. = 0.4131327068298355
c_INONU_MAH. = 0.5868672931701645
x_KUCUKCAMI_MAH. = 1.0
x_INONU_MAH. = 1.0

Optimal objective value: 0.0007771486132310823
