GÜMÜÞHANE KÜRTÜN Belediye Meclisi Seçilen Mahalleler

c_ASAGI_ULUKOY_MAH. = 0.5859255350643111
c_YUKARI_ULUKOY_MAH. = 0.41407446493568884
x_ASAGI_ULUKOY_MAH. = 1.0
x_YUKARI_ULUKOY_MAH. = 1.0

Optimal objective value: 0.0005853621228265604
