HAKKARÝ ÇUKURCA Belediye Meclisi Seçilen Mahalleler

c_CUMHURIYET_MAH. = 0.11109271338100037
c_EMIRSABAN_MAH. = 0.8889072866189996
x_CUMHURIYET_MAH. = 1.0
x_EMIRSABAN_MAH. = 1.0

Optimal objective value: 0.0033406717305082267
