HAKKARÝ ÞEMDÝNLÝ Belediye Meclisi Seçilen Mahalleler

c_BESEVLER_MAH. = 0.5889600393221366
c_MODA_MAH. = 0.41103996067786336
x_BESEVLER_MAH. = 1.0
x_MODA_MAH. = 1.0

Optimal objective value: 0.0012792072473225558
