HATAY KIRIKHAN Belediye Meclisi Seçilen Mahalleler

c_NARLIHOPUR_MAH. = 0.6970669667827402
c_OZYORUK_MAH. = 0.30293303321725984
x_NARLIHOPUR_MAH. = 1.0
x_OZYORUK_MAH. = 1.0

Optimal objective value: 0.0006540427075856226
