HATAY ALTINÖZÜ Belediye Meclisi Seçilen Mahalleler

c_KAZANCIK_MAH. = 0.4080000656185938
c_TURKMENMEZRAASI_MAH. = 0.5919999343814062
x_KAZANCIK_MAH. = 1.0
x_TURKMENMEZRAASI_MAH. = 1.0

Optimal objective value: 0.021186448807327007
