HATAY HASSA Belediye Meclisi Seçilen Mahalleler

c_15_KASIM_MAH. = 0.3014099037545457
c_ZEYTINOBA_MAH. = 0.6985900962454543
x_15_KASIM_MAH. = 1.0
x_ZEYTINOBA_MAH. = 1.0

Optimal objective value: 0.000589176962222715
