HATAY ARSUZ Belediye Meclisi Seçilen Mahalleler

c_ARPAGEDIK_MAH. = 0.6122826439333154
c_HARLISU_MAH. = 0.38771735606668456
x_ARPAGEDIK_MAH. = 1.0
x_HARLISU_MAH. = 1.0

Optimal objective value: 0.0008705819815897353
