HATAY REYHANLI Belediye Meclisi Seçilen Mahalleler

c_MUSTAFA_KEMAL_MAH. = 0.6290739623709034
c_PINARBASI_MAH. = 0.37092603762909665
x_MUSTAFA_KEMAL_MAH. = 1.0
x_PINARBASI_MAH. = 1.0

Optimal objective value: 0.00021287846823936363
