HATAY PAYAS Belediye Meclisi Seçilen Mahalleler

c_KURTUL_MAH. = 0.9509426862412157
c_SINCAN_MAH. = 0.049057313758784304
x_KURTUL_MAH. = 1.0
x_SINCAN_MAH. = 1.0

Optimal objective value: 0.009409161096593732
