HATAY SAMANDAÐ Belediye Meclisi Seçilen Mahalleler

c_MIZRAKLI_MAH. = 0.5223486790508194
c_YESILYAZI_MAH. = 0.47765132094918067
x_MIZRAKLI_MAH. = 1.0
x_YESILYAZI_MAH. = 1.0

Optimal objective value: 0.0042773164724474455
