HATAY ERZÝN Belediye Meclisi Seçilen Mahalleler

c_CUMHURIYET_MAH. = 0.6818175000776597
c_YUKARIBURNAZ_MAH. = 0.31818249992234027
x_CUMHURIYET_MAH. = 1.0
x_YUKARIBURNAZ_MAH. = 1.0

Optimal objective value: 0.0007029989465123787
