HATAY DÖRTYOL Belediye Meclisi Seçilen Mahalleler

c_KISLALAR_MAH. = 0.7768955202058452
c_YENIYURT_MAH. = 0.22310447979415476
x_KISLALAR_MAH. = 1.0
x_YENIYURT_MAH. = 1.0

Optimal objective value: 0.0010510188535292064
