HATAY KUMLU Belediye Meclisi Seçilen Mahalleler

c_AKKUYU_MAH. = 0.4058050426593063
c_DOGUAYRANCI_MAH. = 0.5941949573406937
x_AKKUYU_MAH. = 1.0
x_DOGUAYRANCI_MAH. = 1.0

Optimal objective value: 0.0010114824617112328
