HATAY YAYLADAÐI Belediye Meclisi Seçilen Mahalleler

c_KIZILCAT_MAH. = 0.1720800998628571
c_YALAZ_MAH. = 0.8279199001371429
x_KIZILCAT_MAH. = 1.0
x_YALAZ_MAH. = 1.0

Optimal objective value: 0.00019188845688566936
