HATAY ÝSKENDERUN Belediye Meclisi Seçilen Mahalleler

c_BEKBELE_MAH. = 0.6185563216880949
c_BUYUKDERE_MAH. = 0.381443678311905
x_BEKBELE_MAH. = 1.0
x_BUYUKDERE_MAH. = 1.0

Optimal objective value: 0.007450014768600299
