HATAY DEFNE Belediye Meclisi Seçilen Mahalleler

c_CINARLI_MAH. = 0.9224804290683515
c_UZENGILI_MAH. = 0.07751957093164855
x_CINARLI_MAH. = 1.0
x_UZENGILI_MAH. = 1.0

Optimal objective value: 0.0034487473978688232
