ISPARTA KEÇÝBORLU Belediye Meclisi Seçilen Mahalleler

c_HACI_KOYU__MAH. = 0.5178126740697269
c_YUKARI_MAH. = 0.48218732593027314
x_HACI_KOYU__MAH. = 1.0
x_YUKARI_MAH. = 1.0

Optimal objective value: 0.0008505354051278058
