ISPARTA YENÝÞARBADEMLÝ Belediye Meclisi Seçilen Mahalleler

c_GUNDOGDU_MAH. = 0.8243589571209244
c_YENICE_MAH. = 0.17564104287907562
x_GUNDOGDU_MAH. = 1.0
x_YENICE_MAH. = 1.0

Optimal objective value: 0.00013167624525423083
