ISPARTA SENÝRKENT Belediye Meclisi Seçilen Mahalleler

c_TASMESCIT_MAH. = 0.5217604611816264
c_ISTIKLAL_MAH. = 0.4782395388183736
x_TASMESCIT_MAH. = 1.0
x_ISTIKLAL_MAH. = 1.0

Optimal objective value: 0.0014319534904398967
