ISPARTA GÖNEN Belediye Meclisi Seçilen Mahalleler

c_CAMI_MAH. = 0.1733571780414509
c_KASAP_MAH. = 0.8266428219585491
x_CAMI_MAH. = 1.0
x_KASAP_MAH. = 1.0

Optimal objective value: 0.0003361344222978513
