ISPARTA ÞARKÝKARAAÐAÇ Belediye Meclisi Seçilen Mahalleler

c_ALCIKLAR_MAH. = 0.47251254926022046
c_CAMIKEBIR_MAH. = 0.5274874507397795
x_ALCIKLAR_MAH. = 1.0
x_CAMIKEBIR_MAH. = 1.0

Optimal objective value: 0.01923635937509871
