ISPARTA SÜTÇÜLER Belediye Meclisi Seçilen Mahalleler

c_ERENLER_MAH. = 0.5403216813068361
c_YUKARI_MAH. = 0.45967831869316395
x_ERENLER_MAH. = 1.0
x_YUKARI_MAH. = 1.0

Optimal objective value: 0.0007222152329634524
