ISPARTA KEÇÝBORLU - SENÝR Belediye Meclisi Seçilen Mahalleler

c_SENIR-TEPECIK_MAH. = 0.5499399051514622
c_SENIR-YENI_MAH. = 0.4500600948485378
x_SENIR-TEPECIK_MAH. = 1.0
x_SENIR-YENI_MAH. = 1.0

Optimal objective value: 8.01173698696811e-05
