ISPARTA YALVAÇ Belediye Meclisi Seçilen Mahalleler

c_DEBBAGLAR_MAH. = 0.4466135783978221
c_MUDERRIS_MAH. = 0.5533864216021779
x_DEBBAGLAR_MAH. = 1.0
x_MUDERRIS_MAH. = 1.0

Optimal objective value: 0.00028456498528428575
