ISPARTA ATABEY Belediye Meclisi Seçilen Mahalleler

c_MUFTU_MAH. = 0.18744033126299142
c_CESME_MAH. = 0.8125596687370086
x_MUFTU_MAH. = 1.0
x_CESME_MAH. = 1.0

Optimal objective value: 0.0005779490464105086
