ISPARTA ISPARTA MERKEZ - SAV Belediye Meclisi Seçilen Mahalleler

c_SAV-ASAGI_MAH. = 0.5936161988180922
c_SAV-FATIH_MAH. = 0.40638380118190776
x_SAV-ASAGI_MAH. = 1.0
x_SAV-FATIH_MAH. = 1.0

Optimal objective value: 0.00031034063368517995
