ISPARTA YALVAÇ - HÜYÜKLÜ Belediye Meclisi Seçilen Mahalleler

c_HUYUKLU-ESKIGECIT_MAH. = 0.1700272072452621
c_HUYUKLU-YENI_MAH. = 0.8299727927547379
x_HUYUKLU-ESKIGECIT_MAH. = 1.0
x_HUYUKLU-YENI_MAH. = 1.0

Optimal objective value: 0.003846893416694086
