ISPARTA ULUBORLU Belediye Meclisi Seçilen Mahalleler

c_HAMIDELI_MAH. = 0.24984340756115175
c_TASKOPRU_MAH. = 0.7501565924388482
x_HAMIDELI_MAH. = 1.0
x_TASKOPRU_MAH. = 1.0

Optimal objective value: 0.0009829091656846645
