ISPARTA ISPARTA MERKEZ - KULEÖNÜ Belediye Meclisi Seçilen Mahalleler

c_KULEONU-OKUL_MAH. = 0.5717090473991688
c_KULEONU-YENICAMI_MAH. = 0.42829095260083117
x_KULEONU-OKUL_MAH. = 1.0
x_KULEONU-YENICAMI_MAH. = 1.0

Optimal objective value: 0.00034462957722858345
