ISPARTA GELENDOST Belediye Meclisi Seçilen Mahalleler

c_17_EYLUL_MAH. = 0.3737635996220964
c_KIREVLER_MAH. = 0.6262364003779036
x_17_EYLUL_MAH. = 1.0
x_KIREVLER_MAH. = 1.0

Optimal objective value: 0.0008197235835885053
