ISPARTA ISPARTA MERKEZ Belediye Meclisi Seçilen Mahalleler

c_HALIKENT_MAH. = 0.5758878292869596
c_HISAR_MAH. = 0.42411217071304047
x_HALIKENT_MAH. = 1.0
x_HISAR_MAH. = 1.0

Optimal objective value: 0.0005123716688645308
