IÐDIR TUZLUCA Belediye Meclisi Seçilen Mahalleler

c_ASAGI_MAH. = 0.2986605392152387
c_CUMHURIYET_MAH. = 0.7013394607847613
x_ASAGI_MAH. = 1.0
x_CUMHURIYET_MAH. = 1.0

Optimal objective value: 0.0008447185412850944
