IÐDIR IÐDIR MERKEZ Belediye Meclisi Seçilen Mahalleler

c_ATATURK_MAH. = 0.4929713822647315
c_OZGUR_MAH. = 0.5070286177352685
x_ATATURK_MAH. = 1.0
x_OZGUR_MAH. = 1.0

Optimal objective value: 0.000659412697569306
