IÐDIR KARAKOYUNLU Belediye Meclisi Seçilen Mahalleler

c_ERGENEKON_MAH. = 0.612327983714099
c_FATIH_MAH. = 0.38767201628590103
x_ERGENEKON_MAH. = 1.0
x_FATIH_MAH. = 1.0

Optimal objective value: 0.00012442183811567364
