ÝSTANBUL AVCILAR Belediye Meclisi Seçilen Mahalleler

c_AMBARLI_MAH. = 0.466209586181637
c_MUSTAFA_KEMALPASA_MAH. = 0.533790413818363
x_AMBARLI_MAH. = 1.0
x_MUSTAFA_KEMALPASA_MAH. = 1.0

Optimal objective value: 0.0009193308191401961
