ÝSTANBUL SULTANBEYLÝ Belediye Meclisi Seçilen Mahalleler

c_ABDURRAHMANGAZI_MAH. = 0.22597278766972262
c_FATIH__MAH. = 0.7740272123302774
x_ABDURRAHMANGAZI_MAH. = 1.0
x_FATIH__MAH. = 1.0

Optimal objective value: 0.0063567386723973884
