ÝSTANBUL BAYRAMPAÞA Belediye Meclisi Seçilen Mahalleler

c_ALTINTEPSI_MAH. = 0.7499591270990608
c_CEVATPASA_MAH. = 0.25004087290093924
x_ALTINTEPSI_MAH. = 1.0
x_CEVATPASA_MAH. = 1.0

Optimal objective value: 0.002104242966234793
