ÝSTANBUL BÜYÜKÇEKMECE Belediye Meclisi Seçilen Mahalleler

c_19_MAYIS_MAH. = 0.9636951319679876
c_TURKOBA_MAH. = 0.03630486803201241
x_19_MAYIS_MAH. = 1.0
x_TURKOBA_MAH. = 1.0

Optimal objective value: 0.0010691753327876086
