ÝSTANBUL ADALAR Belediye Meclisi Seçilen Mahalleler

c_BURGAZADA_MAH. = 0.038963833405982896
c_HEYBELIADA_MAH. = 0.9610361665940171
x_BURGAZADA_MAH. = 1.0
x_HEYBELIADA_MAH. = 1.0

Optimal objective value: 0.013464945884717805
