ÝSTANBUL ÞÝÞLÝ Belediye Meclisi Seçilen Mahalleler

c_MAHMUT_SEVKET_PASA_MAH. = 0.7423023821119749
c_MECIDIYEKOY_MAH. = 0.25769761788802514
x_MAHMUT_SEVKET_PASA_MAH. = 1.0
x_MECIDIYEKOY_MAH. = 1.0

Optimal objective value: 0.015401517320095426
