ÝSTANBUL GAZÝOSMANPAÞA Belediye Meclisi Seçilen Mahalleler

c_KAZIM_KARABEKIR_MAH. = 0.5465441370310804
c_PAZARICI_MAH. = 0.4534558629689196
x_KAZIM_KARABEKIR_MAH. = 1.0
x_PAZARICI_MAH. = 1.0

Optimal objective value: 0.0031635267259000344
