ÝSTANBUL BEYOÐLU Belediye Meclisi Seçilen Mahalleler

c_TOMTOM__MAH. = 0.7251737462125798
c_SAHKULU__MAH. = 0.27482625378742026
x_TOMTOM__MAH. = 1.0
x_SAHKULU__MAH. = 1.0

Optimal objective value: 0.0016963392516542442
