ÝSTANBUL ARNAVUTKÖY Belediye Meclisi Seçilen Mahalleler

c_BOLLUCA_MAH. = 0.7490771675591699
c_KARABURUN_MAH. = 0.25092283244083013
x_BOLLUCA_MAH. = 1.0
x_KARABURUN_MAH. = 1.0

Optimal objective value: 0.0019353761287423943
