ÝSTANBUL SANCAKTEPE Belediye Meclisi Seçilen Mahalleler

c_YUNUS_EMRE_MAH. = 0.5998678325494644
c_INONU_MAH. = 0.40013216745053554
x_YUNUS_EMRE_MAH. = 1.0
x_INONU_MAH. = 1.0

Optimal objective value: 0.001134613826775821
