ÝSTANBUL ÇEKMEKÖY Belediye Meclisi Seçilen Mahalleler

c_MEHMET_AKIF_MAH. = 0.6907001197513881
c_SIRAPINAR_MAH. = 0.3092998802486119
x_MEHMET_AKIF_MAH. = 1.0
x_SIRAPINAR_MAH. = 1.0

Optimal objective value: 0.005632515271387861
