ÝSTANBUL MALTEPE Belediye Meclisi Seçilen Mahalleler

c_ALTAYCESME_MAH. = 0.7063140039442993
c_ZUMRUTEVLER_MAH. = 0.29368599605570067
x_ALTAYCESME_MAH. = 1.0
x_ZUMRUTEVLER_MAH. = 1.0

Optimal objective value: 0.002289688976487403
