ÝSTANBUL BAÞAKÞEHÝR Belediye Meclisi Seçilen Mahalleler

c_SAHINTEPE_MAH. = 0.5599831048134872
c_SAMLAR_MAH. = 0.44001689518651277
x_SAHINTEPE_MAH. = 1.0
x_SAMLAR_MAH. = 1.0

Optimal objective value: 0.0017526514531632786
