ÝSTANBUL GÜNGÖREN Belediye Meclisi Seçilen Mahalleler

c_HAZNEDAR_MAH. = 0.2725955511011149
c_MARESAL_CAKMAK_MAH. = 0.7274044488988851
x_HAZNEDAR_MAH. = 1.0
x_MARESAL_CAKMAK_MAH. = 1.0

Optimal objective value: 0.001764718591033776
