ÝSTANBUL BAKIRKÖY Belediye Meclisi Seçilen Mahalleler

c_ATAKOY_7-8-9-10._KISIM_MAH. = 0.6082828021639629
c_SENLIKKOY_MAH. = 0.3917171978360371
x_ATAKOY_7-8-9-10._KISIM_MAH. = 1.0
x_SENLIKKOY_MAH. = 1.0

Optimal objective value: 0.0013269133839318714
