ÝSTANBUL KAÐITHANE Belediye Meclisi Seçilen Mahalleler

c_EMNIYET_EVLERI_MAH. = 0.28820072273083297
c_YESILCE_MAH. = 0.711799277269167
x_EMNIYET_EVLERI_MAH. = 1.0
x_YESILCE_MAH. = 1.0

Optimal objective value: 0.003420582438481423
