ÝSTANBUL KÜÇÜKÇEKMECE Belediye Meclisi Seçilen Mahalleler

c_ATAKENT_MAH. = 0.40707056063446023
c_YARIMBURGAZ_MAH. = 0.5929294393655398
x_ATAKENT_MAH. = 1.0
x_YARIMBURGAZ_MAH. = 1.0

Optimal objective value: 0.001262364077020628
