ÝSTANBUL ESENLER Belediye Meclisi Seçilen Mahalleler

c_BIRLIK_MAH. = 0.4756019455852491
c_TURGUT_REIS_MAH. = 0.5243980544147508
x_BIRLIK_MAH. = 1.0
x_TURGUT_REIS_MAH. = 1.0

Optimal objective value: 0.002611510311844367
