ÝSTANBUL KADIKÖY Belediye Meclisi Seçilen Mahalleler

c_19_MAYIS_MAH. = 0.9230480640244211
c_DUMLUPINAR_MAH. = 0.07695193597557895
x_19_MAYIS_MAH. = 1.0
x_DUMLUPINAR_MAH. = 1.0

Optimal objective value: 0.000646555791122605
