ÝSTANBUL ZEYTÝNBURNU Belediye Meclisi Seçilen Mahalleler

c_BESTELSIZ_MAH. = 0.7042051311636002
c_KAZLICESME_MAH. = 0.2957948688363998
x_BESTELSIZ_MAH. = 1.0
x_KAZLICESME_MAH. = 1.0

Optimal objective value: 0.0011545812099619246
