ÝSTANBUL FATÝH Belediye Meclisi Seçilen Mahalleler

c_DERVIS_ALI_MAH. = 0.3860205841780372
c_YEDIKULE_MAH. = 0.6139794158219628
x_DERVIS_ALI_MAH. = 1.0
x_YEDIKULE_MAH. = 1.0

Optimal objective value: 0.0006545159061850381
