ÝSTANBUL ÜSKÜDAR Belediye Meclisi Seçilen Mahalleler

c_KANDILLI_MAH. = 0.2651925448017042
c_CENGELKOY_MAH. = 0.7348074551982958
x_KANDILLI_MAH. = 1.0
x_CENGELKOY_MAH. = 1.0

Optimal objective value: 0.0019655184617518584
