ÝSTANBUL BAHÇELÝEVLER Belediye Meclisi Seçilen Mahalleler

c_BAHCELIEVLER_MAH. = 0.17264479002891653
c_CUMHURIYET_MAH. = 0.8273552099710835
x_BAHCELIEVLER_MAH. = 1.0
x_CUMHURIYET_MAH. = 1.0

Optimal objective value: 0.0012814150469744323
