ÝSTANBUL ESENYURT Belediye Meclisi Seçilen Mahalleler

c_YESILKENT_MAH. = 0.6335296946856859
c_ISTIKLAL_MAH. = 0.3664703053143142
x_YESILKENT_MAH. = 1.0
x_ISTIKLAL_MAH. = 1.0

Optimal objective value: 0.0005752213033572984
