ÝSTANBUL SARIYER Belediye Meclisi Seçilen Mahalleler

c_RUMELIKAVAGI_MAH. = 0.830341125403396
c_USKUMRUKOY_MAH. = 0.16965887459660398
x_RUMELIKAVAGI_MAH. = 1.0
x_USKUMRUKOY_MAH. = 1.0

Optimal objective value: 0.00038425222243132495
