ÝSTANBUL KARTAL Belediye Meclisi Seçilen Mahalleler

c_CEVIZLI_MAH. = 0.4253642564131942
c_KARLIKTEPE_MAH. = 0.5746357435868058
x_CEVIZLI_MAH. = 1.0
x_KARLIKTEPE_MAH. = 1.0

Optimal objective value: 0.0008891633804620769
