ÝSTANBUL SÝLÝVRÝ Belediye Meclisi Seçilen Mahalleler

c_KUCUK_SINEKLI_MAH. = 0.3237062786970052
c_YENI_MAH. = 0.6762937213029948
x_KUCUK_SINEKLI_MAH. = 1.0
x_YENI_MAH. = 1.0

Optimal objective value: 0.002612410361775619
