ÝSTANBUL BEYLÝKDÜZÜ Belediye Meclisi Seçilen Mahalleler

c_BUYUKSEHIR_MAH. = 0.4610856656389891
c_GURPINAR_MAH. = 0.5389143343610109
x_BUYUKSEHIR_MAH. = 1.0
x_GURPINAR_MAH. = 1.0

Optimal objective value: 0.0005438454344453003
