ÝSTANBUL PENDÝK Belediye Meclisi Seçilen Mahalleler

c_DUMLUPINAR_MAH. = 0.6611171038091489
c_YESILBAGLAR_MAH. = 0.3388828961908511
x_DUMLUPINAR_MAH. = 1.0
x_YESILBAGLAR_MAH. = 1.0

Optimal objective value: 0.0009509016656886748
