ÝSTANBUL BEYKOZ Belediye Meclisi Seçilen Mahalleler

c_POLONEZKOY_MAH. = 0.42134428994531115
c_YAVUZ_SELIM_MAH. = 0.5786557100546889
x_POLONEZKOY_MAH. = 1.0
x_YAVUZ_SELIM_MAH. = 1.0

Optimal objective value: 0.0013272037252908264
