ÝZMÝR BAYINDIR Belediye Meclisi Seçilen Mahalleler

c_ERGENLI_MAH. = 0.6761573306430528
c_IBRAHIMCAVUS_MAH. = 0.32384266935694717
x_ERGENLI_MAH. = 1.0
x_IBRAHIMCAVUS_MAH. = 1.0

Optimal objective value: 0.0003245963674795016
