ÝZMÝR KARABURUN Belediye Meclisi Seçilen Mahalleler

c_MERKEZ_MAH. = 0.38507270950773803
c_PARLAK_MAH. = 0.614927290492262
x_MERKEZ_MAH. = 1.0
x_PARLAK_MAH. = 1.0

Optimal objective value: 0.0007358140973151572
