ÝZMÝR KONAK Belediye Meclisi Seçilen Mahalleler

c_KUCUKADA_MAH. = 0.41705967554451395
c_PIRI_REIS_MAH. = 0.582940324455486
x_KUCUKADA_MAH. = 1.0
x_PIRI_REIS_MAH. = 1.0

Optimal objective value: 0.0014941950847077168
