ÝZMÝR ALÝAÐA Belediye Meclisi Seçilen Mahalleler

c_YENI_MAH. = 0.7783704758462422
c_CAKMAKLI_MAH. = 0.2216295241537578
x_YENI_MAH. = 1.0
x_CAKMAKLI_MAH. = 1.0

Optimal objective value: 0.0013798823870158072
