ÝZMÝR KINIK Belediye Meclisi Seçilen Mahalleler

c_AZIZIYE_MAH. = 0.5208727658345053
c_BADEMALAN_MAH. = 0.47912723416549474
x_AZIZIYE_MAH. = 1.0
x_BADEMALAN_MAH. = 1.0

Optimal objective value: 0.0013466956647536499
