ÝZMÝR KARÞIYAKA Belediye Meclisi Seçilen Mahalleler

c_AKSOY_MAH. = 0.6323676655890514
c_ORNEKKOY_MAH. = 0.36763233441094856
x_AKSOY_MAH. = 1.0
x_ORNEKKOY_MAH. = 1.0

Optimal objective value: 0.0009445207097882324
