ÝZMÝR BALÇOVA Belediye Meclisi Seçilen Mahalleler

c_BAHCELERARASI_MAH. = 0.31061405240666895
c_KORUTURK_MAH. = 0.689385947593331
x_BAHCELERARASI_MAH. = 1.0
x_KORUTURK_MAH. = 1.0

Optimal objective value: 0.0017259888981067117
