ÝZMÝR TÝRE Belediye Meclisi Seçilen Mahalleler

c_ESKIOBA_MAH. = 0.5656760202091902
c_CUKURKOY_MAH. = 0.4343239797908099
x_ESKIOBA_MAH. = 1.0
x_CUKURKOY_MAH. = 1.0

Optimal objective value: 0.0008933284016693355
