ÝZMÝR BAYRAKLI Belediye Meclisi Seçilen Mahalleler

c_POSTACILAR_MAH. = 0.6414673353502314
c_CICEK_MAH. = 0.3585326646497686
x_POSTACILAR_MAH. = 1.0
x_CICEK_MAH. = 1.0

Optimal objective value: 0.0011658065466051415
