ÝZMÝR BEYDAÐ Belediye Meclisi Seçilen Mahalleler

c_CUMHURIYET_MAH. = 0.7009017461045999
c_EGRIDERE_MAH. = 0.2990982538954002
x_CUMHURIYET_MAH. = 1.0
x_EGRIDERE_MAH. = 1.0

Optimal objective value: 0.0007354714764443715
