ÝZMÝR ÇÝÐLÝ Belediye Meclisi Seçilen Mahalleler

c_EGEKENT_MAH. = 0.6077635682096197
c_SASALI_MERKEZ_MAH. = 0.39223643179038026
x_EGEKENT_MAH. = 1.0
x_SASALI_MERKEZ_MAH. = 1.0

Optimal objective value: 0.0014972985491372715
