ÝZMÝR KEMALPAÞA Belediye Meclisi Seçilen Mahalleler

c_ANSIZCA_MAH. = 0.33638157884587827
c_GOKCEYURT_MAH. = 0.6636184211541217
x_ANSIZCA_MAH. = 1.0
x_GOKCEYURT_MAH. = 1.0

Optimal objective value: 0.0009362465446085544
