ÝZMÝR FOÇA Belediye Meclisi Seçilen Mahalleler

c_ATATURK_MAH. = 0.6162251583247254
c_MUSTAFA_KEMAL_ATATURK_MAH. = 0.3837748416752746
x_ATATURK_MAH. = 1.0
x_MUSTAFA_KEMAL_ATATURK_MAH. = 1.0

Optimal objective value: 0.004277340768298998
