ÝZMÝR NARLIDERE Belediye Meclisi Seçilen Mahalleler

c_SAHILEVLERI_MAH. = 0.2061396678130627
c_YENIKALE_MAH. = 0.7938603321869373
x_SAHILEVLERI_MAH. = 1.0
x_YENIKALE_MAH. = 1.0

Optimal objective value: 0.0034048610873484986
