ÝZMÝR DÝKÝLÝ Belediye Meclisi Seçilen Mahalleler

c_CUMHURIYET_MAH. = 0.5203364738356129
c_KOCAOBA_MAH. = 0.4796635261643872
x_CUMHURIYET_MAH. = 1.0
x_KOCAOBA_MAH. = 1.0

Optimal objective value: 0.0011217936530241168
