ÝZMÝR SEFERÝHÝSAR Belediye Meclisi Seçilen Mahalleler

c_TEPECIK_MAH. = 0.4384165391607644
c_TURGUT_MAH. = 0.5615834608392356
x_TEPECIK_MAH. = 1.0
x_TURGUT_MAH. = 1.0

Optimal objective value: 0.0011610756573270375
