ÝZMÝR GAZÝEMÝR Belediye Meclisi Seçilen Mahalleler

c_MENDERES_MAH. = 0.6314901337521748
c_SEVGI_MAH. = 0.3685098662478252
x_MENDERES_MAH. = 1.0
x_SEVGI_MAH. = 1.0

Optimal objective value: 0.0016673754983265177
