KAHRAMANMARAÞ ONÝKÝÞUBAT Belediye Meclisi Seçilen Mahalleler

c_YUNUS_EMRE_MAH. = 0.6463996213451758
c_ISMAILLI_MAH. = 0.3536003786548242
x_YUNUS_EMRE_MAH. = 1.0
x_ISMAILLI_MAH. = 1.0

Optimal objective value: 0.0008378801470159125
