KAHRAMANMARAÞ GÖKSUN Belediye Meclisi Seçilen Mahalleler

c_KAZANDERE_MAH. = 0.3302231999651827
c_KOPRUBASI_MAH. = 0.6697768000348173
x_KAZANDERE_MAH. = 1.0
x_KOPRUBASI_MAH. = 1.0

Optimal objective value: 0.0010180801222315905
