KAHRAMANMARAÞ ELBÝSTAN Belediye Meclisi Seçilen Mahalleler

c_KOSK_MAH. = 0.17564574162590973
c_CICEK_MAH. = 0.8243542583740903
x_KOSK_MAH. = 1.0
x_CICEK_MAH. = 1.0

Optimal objective value: 0.0007134447474930194
