KAHRAMANMARAÞ TÜRKOÐLU Belediye Meclisi Seçilen Mahalleler

c_DEDELER_MAH. = 0.412900401927182
c_UZUNSOGUT_MAH. = 0.587099598072818
x_DEDELER_MAH. = 1.0
x_UZUNSOGUT_MAH. = 1.0

Optimal objective value: 0.005199531662353207
