KAHRAMANMARAÞ ANDIRIN Belediye Meclisi Seçilen Mahalleler

c_BEKTASLI_MAH. = 0.4480873707905366
c_BOGAZOREN_MAH. = 0.5519126292094634
x_BEKTASLI_MAH. = 1.0
x_BOGAZOREN_MAH. = 1.0

Optimal objective value: 0.00019362320023896817
