KAHRAMANMARAÞ DULKADÝROÐLU Belediye Meclisi Seçilen Mahalleler

c_KAPICAM_MAH. = 0.27080204468961544
c_KARACASU_KARSIYAKA_MAH. = 0.7291979553103846
x_KAPICAM_MAH. = 1.0
x_KARACASU_KARSIYAKA_MAH. = 1.0

Optimal objective value: 0.0011282608257148219
