KAHRAMANMARAÞ EKÝNÖZÜ Belediye Meclisi Seçilen Mahalleler

c_AKPINAR_MAH. = 0.7664503495182688
c_YENIKOY_MAH. = 0.2335496504817312
x_AKPINAR_MAH. = 1.0
x_YENIKOY_MAH. = 1.0

Optimal objective value: 0.0006610975989416179
