KAHRAMANMARAÞ AFÞÝN Belediye Meclisi Seçilen Mahalleler

c_AFSINBEY_MAH. = 0.9476365936232731
c_ALTAS_MAH. = 0.052363406376726894
x_AFSINBEY_MAH. = 1.0
x_ALTAS_MAH. = 1.0

Optimal objective value: 0.0009726903702161893
