KARABÜK YENÝCE - YORTAN Belediye Meclisi Seçilen Mahalleler

c_YORTAN-DONGELLER_MAH. = 0.32519593710482614
c_YORTAN-MERKEZ_MAH. = 0.6748040628951739
x_YORTAN-DONGELLER_MAH. = 1.0
x_YORTAN-MERKEZ_MAH. = 1.0

Optimal objective value: 4.444190707786344e-05
