KARAMAN AYRANCI Belediye Meclisi Seçilen Mahalleler

c_DEDE_MAH. = 0.35621331744993256
c_YENI_MAH. = 0.6437866825500674
x_DEDE_MAH. = 1.0
x_YENI_MAH. = 1.0

Optimal objective value: 0.00040437580153529495
