KARABÜK EFLANÝ Belediye Meclisi Seçilen Mahalleler

c_CANDAROGULLARI_MAH. = 0.7928571428571428
c_CALISLAR_MAH. = 0.20714285714285716
x_CANDAROGULLARI_MAH. = 1.0
x_CALISLAR_MAH. = 1.0

Optimal objective value: 0.002940526133877297
