KARAMAN KARAMAN MERKEZ Belediye Meclisi Seçilen Mahalleler

c_ABBAS_MAH. = 0.4576047922886527
c_SEYH_SAMIL_MAH. = 0.5423952077113473
x_ABBAS_MAH. = 1.0
x_SEYH_SAMIL_MAH. = 1.0

Optimal objective value: 0.00045372851456759733
