KARAMAN KAZIMKARABEKÝR Belediye Meclisi Seçilen Mahalleler

c_PAZAR_MAH. = 0.8477010884658798
c_SUBASI_MAH. = 0.15229891153412017
x_PAZAR_MAH. = 1.0
x_SUBASI_MAH. = 1.0

Optimal objective value: 0.0002506338931718144
