KARAMAN SARIVELÝLER Belediye Meclisi Seçilen Mahalleler

c_MERKEZ_MAH. = 0.6314673527401514
c_ULUCAMI_MAH. = 0.3685326472598486
x_MERKEZ_MAH. = 1.0
x_ULUCAMI_MAH. = 1.0

Optimal objective value: 0.0005610973813979792
