KARAMAN BAÞYAYLA Belediye Meclisi Seçilen Mahalleler

c_GOZTEPE_MAH. = 0.28936801202199924
c_KIRAZLIYAYLA_MAH. = 0.7106319879780008
x_GOZTEPE_MAH. = 1.0
x_KIRAZLIYAYLA_MAH. = 1.0

Optimal objective value: 0.0004157358550218593
