KARABÜK YENÝCE Belediye Meclisi Seçilen Mahalleler

c_KALAYCILAR_MAH. = 0.4618488775919014
c_MERKEZ_MAH. = 0.5381511224080986
x_KALAYCILAR_MAH. = 1.0
x_MERKEZ_MAH. = 1.0

Optimal objective value: 0.0007869233484312232
