KARAMAN ERMENEK Belediye Meclisi Seçilen Mahalleler

c_BASPINAR_MAH. = 0.18098366412596892
c_SUSAKLI_MAH. = 0.8190163358740311
x_BASPINAR_MAH. = 1.0
x_SUSAKLI_MAH. = 1.0

Optimal objective value: 0.00037732747527607913
