KARS SARIKAMIÞ Belediye Meclisi Seçilen Mahalleler

c_TEPE_MAH. = 0.7144215612083926
c_ISTASYON_MAH. = 0.28557843879160744
x_TEPE_MAH. = 1.0
x_ISTASYON_MAH. = 1.0

Optimal objective value: 0.0013451312407314342
