KARS KAÐIZMAN Belediye Meclisi Seçilen Mahalleler

c_ZUVAR_MAH. = 0.22278083233488508
c_SAHINDERE_MAH. = 0.7772191676651149
x_ZUVAR_MAH. = 1.0
x_SAHINDERE_MAH. = 1.0

Optimal objective value: 0.00040680933064407565
