KARS AKYAKA Belediye Meclisi Seçilen Mahalleler

c_TEPE_MAH. = 0.6550105338209015
c_TOPKAYA_MAH. = 0.34498946617909854
x_TEPE_MAH. = 1.0
x_TOPKAYA_MAH. = 1.0

Optimal objective value: 0.0017789683167841464
