KARS ARPAÇAY Belediye Meclisi Seçilen Mahalleler

c_ORTA_MAH. = 0.5730937167551118
c_YENI_MAH. = 0.4269062832448883
x_ORTA_MAH. = 1.0
x_YENI_MAH. = 1.0

Optimal objective value: 0.001649412783433002
