KARS KARS MERKEZ Belediye Meclisi Seçilen Mahalleler

c_HALITPASA_MAH. = 0.4303212374962979
c_MERKEZ_MAH. = 0.5696787625037021
x_HALITPASA_MAH. = 1.0
x_MERKEZ_MAH. = 1.0

Optimal objective value: 0.0017540892674542397
