KARS SUSUZ Belediye Meclisi Seçilen Mahalleler

c_INKILAP_MAH. = 0.8231892011194419
c_INONU_MAH. = 0.17681079888055806
x_INKILAP_MAH. = 1.0
x_INONU_MAH. = 1.0

Optimal objective value: 0.003424067064222047
