KARS SELÝM Belediye Meclisi Seçilen Mahalleler

c_CUMHURIYET_MAH. = 0.5404446669584508
c_KOPRUBASI_MAH. = 0.45955533304154916
x_CUMHURIYET_MAH. = 1.0
x_KOPRUBASI_MAH. = 1.0

Optimal objective value: 0.023830557755555093
