KASTAMONU ARAÇ Belediye Meclisi Seçilen Mahalleler

c_YESIL_MAH. = 0.44764314308767694
c_INONU_MAH. = 0.5523568569123231
x_YESIL_MAH. = 1.0
x_INONU_MAH. = 1.0

Optimal objective value: 0.0006099876881252575
