KASTAMONU HANÖNÜ Belediye Meclisi Seçilen Mahalleler

c_GELINBUKU_MAH. = 0.028019989906370335
c_HANONU_MAH. = 0.9719800100936297
x_GELINBUKU_MAH. = 1.0
x_HANONU_MAH. = 1.0

Optimal objective value: 0.00027646264543079724
