KASTAMONU AZDAVAY Belediye Meclisi Seçilen Mahalleler

c_BAHCELIEVLER_MAH. = 0.23039022394737851
c_MERKEZ_MAH. = 0.7696097760526215
x_BAHCELIEVLER_MAH. = 1.0
x_MERKEZ_MAH. = 1.0

Optimal objective value: 0.0010381396601234494
