KASTAMONU ÞENPAZAR Belediye Meclisi Seçilen Mahalleler

c_MERKEZ_MAH. = 0.6304332353525197
c_CEVRIK_MAH. = 0.3695667646474803
x_MERKEZ_MAH. = 1.0
x_CEVRIK_MAH. = 1.0

Optimal objective value: 0.0017829581619401846
