KASTAMONU ÝHSANGAZÝ Belediye Meclisi Seçilen Mahalleler

c_CAY_MAH. = 0.588346791196678
c_ISALAR_MAH. = 0.411653208803322
x_CAY_MAH. = 1.0
x_ISALAR_MAH. = 1.0

Optimal objective value: 0.00022399460365485346
