KASTAMONU AÐLI Belediye Meclisi Seçilen Mahalleler

c_SELMANLI_MAH. = 0.40690103409586886
c_YAGLICA_MAH. = 0.5930989659041311
x_SELMANLI_MAH. = 1.0
x_YAGLICA_MAH. = 1.0

Optimal objective value: 0.0025221172963802996
