KASTAMONU TAÞKÖPRÜ Belediye Meclisi Seçilen Mahalleler

c_AGCIKISI_MAH. = 0.026104587716023562
c_USTATLAR_MAH. = 0.9738954122839765
x_AGCIKISI_MAH. = 1.0
x_USTATLAR_MAH. = 1.0

Optimal objective value: 0.000908309652124295
