KASTAMONU KASTAMONU MERKEZ Belediye Meclisi Seçilen Mahalleler

c_AKMESCIT_MAH. = 0.386689031255149
c_INONU_MAH. = 0.613310968744851
x_AKMESCIT_MAH. = 1.0
x_INONU_MAH. = 1.0

Optimal objective value: 0.0003406692422938118
