KASTAMONU TOSYA Belediye Meclisi Seçilen Mahalleler

c_BAHCELIEVLER_MAH. = 0.532398272708767
c_SEHREKUSTU_MAH. = 0.46760172729123295
x_BAHCELIEVLER_MAH. = 1.0
x_SEHREKUSTU_MAH. = 1.0

Optimal objective value: 0.0010536806414183086
