KASTAMONU ÝNEBOLU Belediye Meclisi Seçilen Mahalleler

c_AVARA_MAH. = 0.08700505232577249
c_ASAGIHATIPBAGI_MAH. = 0.9129949476742275
x_AVARA_MAH. = 1.0
x_ASAGIHATIPBAGI_MAH. = 1.0

Optimal objective value: 0.001047914003979078
