KASTAMONU ABANA Belediye Meclisi Seçilen Mahalleler

c_MERKEZ_MAH. = 0.7677624101438808
c_CAYIRCIK_MAH. = 0.2322375898561192
x_MERKEZ_MAH. = 1.0
x_CAYIRCIK_MAH. = 1.0

Optimal objective value: 0.000750798084308002
