KASTAMONU KÜRE Belediye Meclisi Seçilen Mahalleler

c_CAMIKEBIR_MAH. = 0.5209627069195677
c_SAMAN_MAH. = 0.4790372930804323
x_CAMIKEBIR_MAH. = 1.0
x_SAMAN_MAH. = 1.0

Optimal objective value: 0.00014671600892257608
