KASTAMONU DEVREKANÝ Belediye Meclisi Seçilen Mahalleler

c_CAYIRCIK_MAH. = 0.3493306434088266
c_ISMAILBEY_MAH. = 0.6506693565911734
x_CAYIRCIK_MAH. = 1.0
x_ISMAILBEY_MAH. = 1.0

Optimal objective value: 0.004887551659180089
