KASTAMONU PINARBAÞI Belediye Meclisi Seçilen Mahalleler

c_FATIH_MAH. = 0.6163056652518148
c_CALKAYA_MAH. = 0.38369433474818515
x_FATIH_MAH. = 1.0
x_CALKAYA_MAH. = 1.0

Optimal objective value: 0.0018177945357060743
