KASTAMONU DADAY Belediye Meclisi Seçilen Mahalleler

c_KELEBEK_MAH. = 0.270329759825865
c_MERKEZ_MAH. = 0.7296702401741351
x_KELEBEK_MAH. = 1.0
x_MERKEZ_MAH. = 1.0

Optimal objective value: 0.00025325876308557316
