KASTAMONU SEYDÝLER Belediye Meclisi Seçilen Mahalleler

c_AYVATLAR_MAH. = 0.25965355615709623
c_MERKEZ_MAH. = 0.7403464438429037
x_AYVATLAR_MAH. = 1.0
x_MERKEZ_MAH. = 1.0

Optimal objective value: 0.0019380130870756407
