KASTAMONU ÇATALZEYTÝN Belediye Meclisi Seçilen Mahalleler

c_MERKEZ_MAH. = 0.9741153062302218
c_CELEBILER_MAH. = 0.025884693769782672
x_MERKEZ_MAH. = 1.0
x_CELEBILER_MAH. = 1.0

Optimal objective value: 0.018911600981168064
