KAYSERÝ YAHYALI Belediye Meclisi Seçilen Mahalleler

c_DELIALIUSAGI_MAH. = 0.8618554838743289
c_DIKME_MAH. = 0.13814451612567114
x_DELIALIUSAGI_MAH. = 1.0
x_DIKME_MAH. = 1.0

Optimal objective value: 0.002017153451834952
