KAYSERÝ SARIOÐLAN Belediye Meclisi Seçilen Mahalleler

c_KADILI_MAH. = 0.4928148477638405
c_OMURLU_MAH. = 0.5071851522361595
x_KADILI_MAH. = 1.0
x_OMURLU_MAH. = 1.0

Optimal objective value: 0.00441249075088157
