KAYSERÝ KOCASÝNAN Belediye Meclisi Seçilen Mahalleler

c_AHI_EVRAN_MAH. = 0.7656218644247448
c_YUREGIL_MAH. = 0.23437813557525516
x_AHI_EVRAN_MAH. = 1.0
x_YUREGIL_MAH. = 1.0

Optimal objective value: 0.0006506473758159936
