KAYSERÝ TOMARZA Belediye Meclisi Seçilen Mahalleler

c_SUVEGENLER_MAH. = 0.5960075290293742
c_CANAKPINAR_MAH. = 0.403992470970626
x_SUVEGENLER_MAH. = 1.0
x_CANAKPINAR_MAH. = 1.0

Optimal objective value: 0.0010060392408848262
