KAYSERÝ DEVELÝ Belediye Meclisi Seçilen Mahalleler

c_ALPASLAN_MAH. = 0.6140050628426772
c_SARAYCIK_MAH. = 0.38599493715732286
x_ALPASLAN_MAH. = 1.0
x_SARAYCIK_MAH. = 1.0

Optimal objective value: 0.0009907227349010839
