KAYSERÝ MELÝKGAZÝ Belediye Meclisi Seçilen Mahalleler

c_19_MAYIS_MAH. = 0.7388585369411325
c_ILDEM_CUMHURIYET_MAH. = 0.26114146305886754
x_19_MAYIS_MAH. = 1.0
x_ILDEM_CUMHURIYET_MAH. = 1.0

Optimal objective value: 0.001302305947532667
