KAYSERÝ YEÞÝLHÝSAR Belediye Meclisi Seçilen Mahalleler

c_KELER_MAH. = 0.7003878074188621
c_OVACIFTLIK_MAH. = 0.29961219258113786
x_KELER_MAH. = 1.0
x_OVACIFTLIK_MAH. = 1.0

Optimal objective value: 0.0002945695458737019
