KAYSERÝ SARIZ Belediye Meclisi Seçilen Mahalleler

c_GUMUSALI_MAH. = 0.053799173473301876
c_YENI_MAH. = 0.9462008265266981
x_GUMUSALI_MAH. = 1.0
x_YENI_MAH. = 1.0

Optimal objective value: 0.00032876522261360286
