KAYSERÝ PINARBAÞI Belediye Meclisi Seçilen Mahalleler

c_KERIMOGLU_MAH. = 0.758316128421985
c_KUCUKKOMARMUT_MAH. = 0.24168387157801494
x_KERIMOGLU_MAH. = 1.0
x_KUCUKKOMARMUT_MAH. = 1.0

Optimal objective value: 0.0008884272922780045
