KAYSERÝ ÝNCESU Belediye Meclisi Seçilen Mahalleler

c_GARIPCE_MAH. = 0.6025256414451228
c_KARAKOYUNLU_MAH. = 0.3974743585548772
x_GARIPCE_MAH. = 1.0
x_KARAKOYUNLU_MAH. = 1.0

Optimal objective value: 0.0008490069013129542
