KAYSERÝ HACILAR Belediye Meclisi Seçilen Mahalleler

c_HURMETCI_MAH. = 0.4907960511992061
c_SAKARCIFTLIGI_MAH. = 0.5092039488007939
x_HURMETCI_MAH. = 1.0
x_SAKARCIFTLIGI_MAH. = 1.0

Optimal objective value: 0.0074802742876705075
