KAYSERÝ FELAHÝYE Belediye Meclisi Seçilen Mahalleler

c_BEYLER_MAH. = 0.5240396788873455
c_KEPIC_MAH. = 0.4759603211126545
x_BEYLER_MAH. = 1.0
x_KEPIC_MAH. = 1.0

Optimal objective value: 0.0036201140258326214
