KAYSERÝ BÜNYAN Belediye Meclisi Seçilen Mahalleler

c_CAMIICEDIT_MAH. = 0.7088418642555514
c_EMIROREN_MAH. = 0.29115813574444865
x_CAMIICEDIT_MAH. = 1.0
x_EMIROREN_MAH. = 1.0

Optimal objective value: 0.0011216766440401704
