KAYSERÝ ÖZVATAN Belediye Meclisi Seçilen Mahalleler

c_BAHCELI_EVLER_MAH. = 0.31713650436508367
c_KALE_MAH. = 0.6828634956349163
x_BAHCELI_EVLER_MAH. = 1.0
x_KALE_MAH. = 1.0

Optimal objective value: 0.0009693808394473091
