KAYSERÝ TALAS Belediye Meclisi Seçilen Mahalleler

c_BAHCELIEVLER_MAH. = 0.8155226965210498
c_YAMACLI_MAH. = 0.18447730347895014
x_BAHCELIEVLER_MAH. = 1.0
x_YAMACLI_MAH. = 1.0

Optimal objective value: 0.0011414311277021527
