KIRIKKALE SULAKYURT Belediye Meclisi Seçilen Mahalleler

c_CUMHURIYET_MAH. = 0.6924670745573871
c_YENI_MAH. = 0.3075329254426129
x_CUMHURIYET_MAH. = 1.0
x_YENI_MAH. = 1.0

Optimal objective value: 0.0013981405639258426
