KIRIKKALE KESKÝN Belediye Meclisi Seçilen Mahalleler

c_MADEN_MAH. = 0.3860265169223429
c_YENI_MAH. = 0.6139734830776571
x_MADEN_MAH. = 1.0
x_YENI_MAH. = 1.0

Optimal objective value: 0.011377984160624854
