KIRIKKALE KIRIKKALE MERKEZ Belediye Meclisi Seçilen Mahalleler

c_AKSEMSETTIN_MAH. = 0.09097011241340314
c_HUSEYIN_KAHYA_MAH. = 0.9090298875865969
x_AKSEMSETTIN_MAH. = 1.0
x_HUSEYIN_KAHYA_MAH. = 1.0

Optimal objective value: 0.0006644481613431452
