KIRIKKALE KARAKEÇÝLÝ Belediye Meclisi Seçilen Mahalleler

c_YAVUZ_SULTAN_SELIM_MAH. = 0.4535057162747331
c_ZAFER_MAH. = 0.5464942837252669
x_YAVUZ_SULTAN_SELIM_MAH. = 1.0
x_ZAFER_MAH. = 1.0

Optimal objective value: 0.0008714048930240637
