KIRIKKALE DELÝCE Belediye Meclisi Seçilen Mahalleler

c_AKTEPE_MAH. = 0.5941991436335133
c_MIMAR_SINAN_MAH. = 0.40580085636648666
x_AKTEPE_MAH. = 1.0
x_MIMAR_SINAN_MAH. = 1.0

Optimal objective value: 0.00022601674454847398
