KIRIKKALE YAHÞÝHAN Belediye Meclisi Seçilen Mahalleler

c_ALAADDIN_MAH. = 0.2532364339599751
c_YENISEHIR_MAH. = 0.7467635660400249
x_ALAADDIN_MAH. = 1.0
x_YENISEHIR_MAH. = 1.0

Optimal objective value: 9.012213117076673e-05
