KIRIKKALE BAHÞILI Belediye Meclisi Seçilen Mahalleler

c_DOGANAY_MAH. = 0.41520235458080834
c_HUSEYIN_ONBASI_MAH. = 0.5847976454191917
x_DOGANAY_MAH. = 1.0
x_HUSEYIN_ONBASI_MAH. = 1.0

Optimal objective value: 0.00015928978558965579
