KIRKLARELÝ LÜLEBURGAZ Belediye Meclisi Seçilen Mahalleler

c_8_KASIM_MAH. = 0.38107269847711883
c_KURTULUS_MAH. = 0.6189273015228811
x_8_KASIM_MAH. = 1.0
x_KURTULUS_MAH. = 1.0

Optimal objective value: 0.0009413439234853271
