KIRKLARELÝ BABAESKÝ - ALPULLU Belediye Meclisi Seçilen Mahalleler

c_ALPULLU-YENI_MAH. = 0.2208006984201109
c_ALPULLU-SEKER_MAH. = 0.779199301579889
x_ALPULLU-YENI_MAH. = 1.0
x_ALPULLU-SEKER_MAH. = 1.0

Optimal objective value: 0.0006308350711426991
