KIRKLARELÝ PEHLÝVANKÖY Belediye Meclisi Seçilen Mahalleler

c_KAZIMDIRIK_MAH. = 0.45511353783406977
c_KURTULUS_MAH. = 0.5448864621659302
x_KAZIMDIRIK_MAH. = 1.0
x_KURTULUS_MAH. = 1.0

Optimal objective value: 7.300865433412795e-05
