KIRKLARELÝ BABAESKÝ Belediye Meclisi Seçilen Mahalleler

c_HAMIDIYE_MAH. = 0.5792332983524202
c_KURTULUS_MAH. = 0.4207667016475798
x_HAMIDIYE_MAH. = 1.0
x_KURTULUS_MAH. = 1.0

Optimal objective value: 0.0011952481209902555
