KIRKLARELÝ DEMÝRKÖY Belediye Meclisi Seçilen Mahalleler

c_ORHANIYE_MAH. = 0.8272677446740428
c_YENI_MAH. = 0.17273225532595715
x_ORHANIYE_MAH. = 1.0
x_YENI_MAH. = 1.0

Optimal objective value: 0.0009090795619679515
