KIRKLARELÝ KIRKLARELÝ MERKEZ Belediye Meclisi Seçilen Mahalleler

c_BADEMLIK_MAH. = 0.9660594242769688
c_KOCAHIDIR_MAH. = 0.03394057572303122
x_BADEMLIK_MAH. = 1.0
x_KOCAHIDIR_MAH. = 1.0

Optimal objective value: 0.0015716692447658165
