KIRKLARELÝ PINARHÝSAR Belediye Meclisi Seçilen Mahalleler

c_BEYLIK_MAH. = 0.8672642253991274
c_CAMIIKEBIR_MAH. = 0.13273577460087257
x_BEYLIK_MAH. = 1.0
x_CAMIIKEBIR_MAH. = 1.0

Optimal objective value: 0.003375937917200922
