KIRKLARELÝ KOFÇAZ Belediye Meclisi Seçilen Mahalleler

c_YENI_MAH. = 0.5642604881948697
c_YESILLIK_MAH. = 0.43573951180513026
x_YENI_MAH. = 1.0
x_YESILLIK_MAH. = 1.0

Optimal objective value: 0.00021248899243209163
