KIRKLARELÝ VÝZE Belediye Meclisi Seçilen Mahalleler

c_GAZI_MAH. = 0.5054383009117798
c_MEHMET_AKIF_MAH. = 0.49456169908822023
x_GAZI_MAH. = 1.0
x_MEHMET_AKIF_MAH. = 1.0

Optimal objective value: 0.01127162428526396
