KIRKLARELÝ VÝZE - KIYIKÖY Belediye Meclisi Seçilen Mahalleler

c_KIYIKOY-GUVEN_MAH. = 0.6697665227682514
c_KIYIKOY-KALE_MAH. = 0.3302334772317486
x_KIYIKOY-GUVEN_MAH. = 1.0
x_KIYIKOY-KALE_MAH. = 1.0

Optimal objective value: 0.0016626230280311072
