KIRKLARELÝ DEMÝRKÖY - ÝÐNEADA Belediye Meclisi Seçilen Mahalleler

c_IGNEADA-DENIZ_MAH. = 0.3873413771172727
c_IGNEADA-YENI_MAH. = 0.6126586228827274
x_IGNEADA-DENIZ_MAH. = 1.0
x_IGNEADA-YENI_MAH. = 1.0

Optimal objective value: 0.004563968197646262
