KIRÞEHÝR KAMAN Belediye Meclisi Seçilen Mahalleler

c_CUMA_MAH. = 0.5070196176288725
c_CIFTLIKLI_MAH. = 0.4929803823711275
x_CUMA_MAH. = 1.0
x_CIFTLIKLI_MAH. = 1.0

Optimal objective value: 0.0004322886981809049
