KIRÞEHÝR AKPINAR Belediye Meclisi Seçilen Mahalleler

c_HACI_HUSEYIN_EFENDI_MAH. = 0.7958460830444876
c_SIRINEVLER_MAH. = 0.20415391695551247
x_HACI_HUSEYIN_EFENDI_MAH. = 1.0
x_SIRINEVLER_MAH. = 1.0

Optimal objective value: 0.0006397039976588914
