KIRÞEHÝR BOZTEPE Belediye Meclisi Seçilen Mahalleler

c_BAGBASI_MAH. = 0.5614082780148999
c_YENI_MAH. = 0.4385917219851001
x_BAGBASI_MAH. = 1.0
x_YENI_MAH. = 1.0

Optimal objective value: 0.0002442566135552049
