KIRÞEHÝR KIRÞEHÝR MERKEZ Belediye Meclisi Seçilen Mahalleler

c_AHIEVRAN_MAH. = 0.3592781046453394
c_KUSDILLI_MAH. = 0.6407218953546606
x_AHIEVRAN_MAH. = 1.0
x_KUSDILLI_MAH. = 1.0

Optimal objective value: 0.000632174868467672
