KIRÞEHÝR KIRÞEHÝR MERKEZ - ÖZBAÐ Belediye Meclisi Seçilen Mahalleler

c_OZBAG-HELVACILAR_MAH. = 0.6298758206027193
c_OZBAG-YENI_MAH. = 0.3701241793972807
x_OZBAG-HELVACILAR_MAH. = 1.0
x_OZBAG-YENI_MAH. = 1.0

Optimal objective value: 0.0015957996347830683
