KIRÞEHÝR AKÇAKENT Belediye Meclisi Seçilen Mahalleler

c_YENIKENT_MAH. = 0.7212976439845942
c_YENIYAPAN_MAH. = 0.2787023560154058
x_YENIKENT_MAH. = 1.0
x_YENIYAPAN_MAH. = 1.0

Optimal objective value: 0.0008120995736128345
