KÝLÝS ELBEYLÝ Belediye Meclisi Seçilen Mahalleler

c_HURRIYET_MAH. = 0.6708069093684086
c_YALCIN_NANE_MAH. = 0.3291930906315914
x_HURRIYET_MAH. = 1.0
x_YALCIN_NANE_MAH. = 1.0

Optimal objective value: 0.0031081993023437393
