KÝLÝS POLATELÝ Belediye Meclisi Seçilen Mahalleler

c_ATATURK_MAH. = 0.3886232775777536
c_CUMHURIYET_MAH. = 0.6113767224222464
x_ATATURK_MAH. = 1.0
x_CUMHURIYET_MAH. = 1.0

Optimal objective value: 0.0009661498699881088
