KÝLÝS MUSABEYLÝ Belediye Meclisi Seçilen Mahalleler

c_CUMHURIYET_MAH. = 0.6226367290412211
c_PINAR_MAH. = 0.3773632709587789
x_CUMHURIYET_MAH. = 1.0
x_PINAR_MAH. = 1.0

Optimal objective value: 0.0003759083686322162
