KÝLÝS KÝLÝS MERKEZ Belediye Meclisi Seçilen Mahalleler

c_BILALI_HABES_MAH. = 0.4806710318277403
c_YASAR_AKTURK_MAH. = 0.5193289681722597
x_BILALI_HABES_MAH. = 1.0
x_YASAR_AKTURK_MAH. = 1.0

Optimal objective value: 0.00027901305328548176
