KOCAELÝ GÖLCÜK Belediye Meclisi Seçilen Mahalleler

c_ATATURK_MAH. = 0.36189485165510993
c_SEHITLER_MAH. = 0.6381051483448901
x_ATATURK_MAH. = 1.0
x_SEHITLER_MAH. = 1.0

Optimal objective value: 0.0005313550843638604
