KOCAELÝ KARTEPE Belediye Meclisi Seçilen Mahalleler

c_SARIMESE_MAH. = 0.4642400746144787
c_SUADIYE_MAH. = 0.5357599253855213
x_SARIMESE_MAH. = 1.0
x_SUADIYE_MAH. = 1.0

Optimal objective value: 0.0006875896493243605
