KOCAELÝ KÖRFEZ Belediye Meclisi Seçilen Mahalleler

c_ESENTEPE_MAH. = 0.7527460614686228
c_SIPAHILER_MAH. = 0.24725393853137725
x_ESENTEPE_MAH. = 1.0
x_SIPAHILER_MAH. = 1.0

Optimal objective value: 0.0016027927990797108
