KOCAELÝ BAÞÝSKELE Belediye Meclisi Seçilen Mahalleler

c_ALTINKENT_MAH. = 0.6783512418845801
c_FATIH_MAH. = 0.32164875811542
x_ALTINKENT_MAH. = 1.0
x_FATIH_MAH. = 1.0

Optimal objective value: 0.0008776416149983701
