KOCAELÝ KARAMÜRSEL Belediye Meclisi Seçilen Mahalleler

c_4_TEMMUZ_MAH. = 0.8195034327297557
c_YALAKDERE_MAH. = 0.18049656727024435
x_4_TEMMUZ_MAH. = 1.0
x_YALAKDERE_MAH. = 1.0

Optimal objective value: 0.00024918471528578845
