KOCAELÝ ÝZMÝT Belediye Meclisi Seçilen Mahalleler

c_28_HAZIRAN_MAH. = 0.6613628809744527
c_SIRINTEPE_MAH. = 0.3386371190255472
x_28_HAZIRAN_MAH. = 1.0
x_SIRINTEPE_MAH. = 1.0

Optimal objective value: 0.0007489545557725075
