KOCAELÝ DÝLOVASI Belediye Meclisi Seçilen Mahalleler

c_KAYAPINAR_MAH. = 0.6438946978795549
c_TAVSANCIL_MAH. = 0.3561053021204456
x_KAYAPINAR_MAH. = 1.0
x_TAVSANCIL_MAH. = 1.0

Optimal objective value: 0.0004139765627314551
