KOCAELÝ KANDIRA Belediye Meclisi Seçilen Mahalleler

c_BOLU_MAH. = 0.4101391794543705
c_KIZILCAPINAR_MAH. = 0.5898608205456295
x_BOLU_MAH. = 1.0
x_KIZILCAPINAR_MAH. = 1.0

Optimal objective value: 0.0006902988627832674
