KOCAELÝ ÇAYIROVA Belediye Meclisi Seçilen Mahalleler

c_AKSE_MAH. = 0.5521136344663637
c_YENI_MAH. = 0.4478863655336363
x_AKSE_MAH. = 1.0
x_YENI_MAH. = 1.0

Optimal objective value: 0.0007153715830178209
