KOCAELÝ DARICA Belediye Meclisi Seçilen Mahalleler

c_SIRASOGUTLER_MAH. = 0.7890525327324137
c_ZINCIRLIKUYU_MAH. = 0.21094746726758629
x_SIRASOGUTLER_MAH. = 1.0
x_ZINCIRLIKUYU_MAH. = 1.0

Optimal objective value: 0.0006921357906445325
