KONYA DEREBUCAK Belediye Meclisi Seçilen Mahalleler

c_GENCEK_MAH. = 0.4273362797381445
c_PINARBASI_MAH. = 0.5726637202618555
x_GENCEK_MAH. = 1.0
x_PINARBASI_MAH. = 1.0

Optimal objective value: 4.836060388502261e-05
