KONYA KADINHANI Belediye Meclisi Seçilen Mahalleler

c_SACIKARA_MAH. = 0.12199120896029207
c_SOGUTOZU_MAH. = 0.878008791039708
x_SACIKARA_MAH. = 1.0
x_SOGUTOZU_MAH. = 1.0

Optimal objective value: 0.003790102330705869
