KONYA KARATAY Belediye Meclisi Seçilen Mahalleler

c_HAYIROGLU_MAH. = 0.25960574550417126
c_SARIYAKUP_MAH. = 0.7403942544958287
x_HAYIROGLU_MAH. = 1.0
x_SARIYAKUP_MAH. = 1.0

Optimal objective value: 0.0009755452980135804
