KONYA SARAYÖNÜ Belediye Meclisi Seçilen Mahalleler

c_KURSUNLU_MAH. = 0.7291117152969462
c_CESMELISEBIL_MAH. = 0.2708882847030538
x_KURSUNLU_MAH. = 1.0
x_CESMELISEBIL_MAH. = 1.0

Optimal objective value: 0.007267152782016284
