KONYA ILGIN Belediye Meclisi Seçilen Mahalleler

c_ARGITHANI_MAH. = 0.039996281666845594
c_TEKELER_MAH. = 0.9600037183331545
x_ARGITHANI_MAH. = 1.0
x_TEKELER_MAH. = 1.0

Optimal objective value: 0.0010255363748808977
