KONYA YALIHÜYÜK Belediye Meclisi Seçilen Mahalleler

c_ASAGI_MAH. = 0.6613378932083225
c_YUKARI_MAH. = 0.3386621067916775
x_ASAGI_MAH. = 1.0
x_YUKARI_MAH. = 1.0

Optimal objective value: 0.0003722074578857981
