KONYA AKÖREN Belediye Meclisi Seçilen Mahalleler

c_ORHANIYE_MAH. = 0.49199304456763837
c_YENI_MAH. = 0.5080069554323616
x_ORHANIYE_MAH. = 1.0
x_YENI_MAH. = 1.0

Optimal objective value: 0.0010299852558665057
