KONYA MERAM Belediye Meclisi Seçilen Mahalleler

c_KAVAK_MAH. = 0.4344905974397244
c_MERKEZ-SAHIBATA_MAH. = 0.5655094025602756
x_KAVAK_MAH. = 1.0
x_MERKEZ-SAHIBATA_MAH. = 1.0

Optimal objective value: 0.0007089753666424947
