KONYA SELÇUKLU Belediye Meclisi Seçilen Mahalleler

c_ULUMUHSINE_MAH. = 0.23786432310715777
c_SEYH_SAMIL_MAH. = 0.7621356768928422
x_ULUMUHSINE_MAH. = 1.0
x_SEYH_SAMIL_MAH. = 1.0

Optimal objective value: 0.000983736150427017
