KONYA HALKAPINAR Belediye Meclisi Seçilen Mahalleler

c_BAHCELIEVLER_MAH. = 0.6364375367995712
c_CAKILLAR_MAH. = 0.36356246320042884
x_BAHCELIEVLER_MAH. = 1.0
x_CAKILLAR_MAH. = 1.0

Optimal objective value: 0.004329150524741143
