KONYA SEYDÝÞEHÝR Belediye Meclisi Seçilen Mahalleler

c_ANABAGLAR_MAH. = 0.636971443323558
c_ASAGIKARAOREN_MAH. = 0.36302855667644196
x_ANABAGLAR_MAH. = 1.0
x_ASAGIKARAOREN_MAH. = 1.0

Optimal objective value: 0.0013085260898351159
