KONYA EREÐLÝ Belediye Meclisi Seçilen Mahalleler

c_TURKMEN_MAH. = 0.2179900042007893
c_YENIKOY_MAH. = 0.7820099957992107
x_TURKMEN_MAH. = 1.0
x_YENIKOY_MAH. = 1.0

Optimal objective value: 0.0017611426550783182
