KONYA ÇELTÝK Belediye Meclisi Seçilen Mahalleler

c_BAHCELIEVLER_MAH. = 0.686490579300927
c_GOKPINAR_MAH. = 0.31350942069907295
x_BAHCELIEVLER_MAH. = 1.0
x_GOKPINAR_MAH. = 1.0

Optimal objective value: 0.0019926953681375092
