KONYA TAÞKENT Belediye Meclisi Seçilen Mahalleler

c_BALCILAR_ORTA_MAH. = 0.2263278012937009
c_BOLAY_MAH. = 0.7736721987062991
x_BALCILAR_ORTA_MAH. = 1.0
x_BOLAY_MAH. = 1.0

Optimal objective value: 0.002997728133673272
