KONYA HÜYÜK Belediye Meclisi Seçilen Mahalleler

c_BAHCELI_EVLER_MAH. = 0.6139805168319279
c_PINARBASI_MAH. = 0.3860194831680721
x_BAHCELI_EVLER_MAH. = 1.0
x_PINARBASI_MAH. = 1.0

Optimal objective value: 0.0014133052007478941
