KONYA BOZKIR Belediye Meclisi Seçilen Mahalleler

c_HARMANPINAR_MAH. = 0.5462583528258914
c_TEPEARASI_MAH. = 0.4537416471741086
x_HARMANPINAR_MAH. = 1.0
x_TEPEARASI_MAH. = 1.0

Optimal objective value: 0.0005865439096602865
