KONYA ALTINEKÝN Belediye Meclisi Seçilen Mahalleler

c_AKINCILAR_MAH. = 0.44910505586951943
c_TOPRAKLIK_MAH. = 0.5508949441304806
x_AKINCILAR_MAH. = 1.0
x_TOPRAKLIK_MAH. = 1.0

Optimal objective value: 0.0005454524794903381
