KONYA GÜNEYSINIR Belediye Meclisi Seçilen Mahalleler

c_AYDOGMUS_MAH. = 0.5069978308258444
c_KURUKAVAK_MAH. = 0.4930021691741556
x_AYDOGMUS_MAH. = 1.0
x_KURUKAVAK_MAH. = 1.0

Optimal objective value: 0.0016559738550859793
