KONYA KARAPINAR Belediye Meclisi Seçilen Mahalleler

c_YAGMAPINAR_MAH. = 0.24314095734911112
c_YUNUS_EMRE_MAH. = 0.7568590426508889
x_YAGMAPINAR_MAH. = 1.0
x_YUNUS_EMRE_MAH. = 1.0

Optimal objective value: 0.0006339115920017679
