KONYA AKÞEHÝR Belediye Meclisi Seçilen Mahalleler

c_ADSIZ_MAH. = 0.5813287217410539
c_YILDIRIM_BAYEZID_MAH. = 0.4186712782589461
x_ADSIZ_MAH. = 1.0
x_YILDIRIM_BAYEZID_MAH. = 1.0

Optimal objective value: 0.0005870488664084794
