KONYA YUNAK Belediye Meclisi Seçilen Mahalleler

c_ORTAKISLA_MAH. = 0.47474345064790036
c_YESILOBA_MAH. = 0.5252565493520996
x_ORTAKISLA_MAH. = 1.0
x_YESILOBA_MAH. = 1.0

Optimal objective value: 0.00435315742605491
