KONYA KULU Belediye Meclisi Seçilen Mahalleler

c_ACIKUYU_MAH. = 0.41019760623047585
c_FATIH_SULTAN_MEHMET_MAH. = 0.5898023937695241
x_ACIKUYU_MAH. = 1.0
x_FATIH_SULTAN_MEHMET_MAH. = 1.0

Optimal objective value: 0.0009833472993685533
