KÜTAHYA GEDÝZ - YENÝKENT Belediye Meclisi Seçilen Mahalleler

c_YENIKENT-GOLCUK_MAH. = 0.35403747652058437
c_YENIKENT-HAMZABEY_MAH. = 0.6459625234794156
x_YENIKENT-GOLCUK_MAH. = 1.0
x_YENIKENT-HAMZABEY_MAH. = 1.0

Optimal objective value: 0.0023307086778436847
