KÜTAHYA ALTINTAÞ Belediye Meclisi Seçilen Mahalleler

c_CUMHURIYET_MAH. = 0.5263578935171537
c_HURRIYET_MAH. = 0.4736421064828463
x_CUMHURIYET_MAH. = 1.0
x_HURRIYET_MAH. = 1.0

Optimal objective value: 0.010265154264873622
