KÜTAHYA GEDÝZ Belediye Meclisi Seçilen Mahalleler

c_DAYINLAR_MAH. = 0.4385986878227218
c_ULUOYMAK_MAH. = 0.5614013121772782
x_DAYINLAR_MAH. = 1.0
x_ULUOYMAK_MAH. = 1.0

Optimal objective value: 0.0006658317456560425
