KÜTAHYA ASLANAPA Belediye Meclisi Seçilen Mahalleler

c_HURRIYET_MAH. = 0.5009428548152917
c_PINARBASI_MAH. = 0.4990571451847083
x_HURRIYET_MAH. = 1.0
x_PINARBASI_MAH. = 1.0

Optimal objective value: 0.0037337795140279795
