KÜTAHYA GEDÝZ - GÖKLER Belediye Meclisi Seçilen Mahalleler

c_GOKLER-GUNEY_MAH. = 0.5203891531575183
c_GOKLER-KUZEY_MAH. = 0.47961084684248173
x_GOKLER-GUNEY_MAH. = 1.0
x_GOKLER-KUZEY_MAH. = 1.0

Optimal objective value: 0.0060365208224887335
