KÜTAHYA DUMLUPINAR Belediye Meclisi Seçilen Mahalleler

c_TURGUT_OZAL_MAH. = 0.3418323023597962
c_ZAFER_MAH. = 0.6581676976402038
x_TURGUT_OZAL_MAH. = 1.0
x_ZAFER_MAH. = 1.0

Optimal objective value: 0.0001965367828562492
