KÜTAHYA SÝMAV - GÜNEY Belediye Meclisi Seçilen Mahalleler

c_GUNEY-CUMA_MAH. = 0.3668270288124066
c_GUNEY-FATIH_MAH. = 0.6331729711875934
x_GUNEY-CUMA_MAH. = 1.0
x_GUNEY-FATIH_MAH. = 1.0

Optimal objective value: 0.001934355676573074
