KÜTAHYA DOMANÝÇ Belediye Meclisi Seçilen Mahalleler

c_CUMHURIYET_MAH. = 0.4774574288795647
c_HASANTEPE_MAH. = 0.5225425711204352
x_CUMHURIYET_MAH. = 1.0
x_HASANTEPE_MAH. = 1.0

Optimal objective value: 0.0006588301287889786
