KÜTAHYA PAZARLAR Belediye Meclisi Seçilen Mahalleler

c_ADNANMENDERES_MAH. = 0.6193619560087231
c_ATATURK_MAH. = 0.3806380439912769
x_ADNANMENDERES_MAH. = 1.0
x_ATATURK_MAH. = 1.0

Optimal objective value: 0.00012561250945886115
