KÜTAHYA ÞAPHANE Belediye Meclisi Seçilen Mahalleler

c_HACI_HASANLAR_MAH. = 0.22498874018086723
c_TUREGUN_MAH. = 0.7750112598191328
x_HACI_HASANLAR_MAH. = 1.0
x_TUREGUN_MAH. = 1.0

Optimal objective value: 0.0010054645106751803
