KÜTAHYA EMET Belediye Meclisi Seçilen Mahalleler

c_ESENTEPE_MAH. = 0.6712098130190381
c_KAYNARCA_MAH. = 0.32879018698096185
x_ESENTEPE_MAH. = 1.0
x_KAYNARCA_MAH. = 1.0

Optimal objective value: 0.017664758137134196
