KÜTAHYA ÇAVDARHÝSAR Belediye Meclisi Seçilen Mahalleler

c_CERELLER_MAH. = 0.7178589591578586
c_KEMALLER_MAH. = 0.2821410408421415
x_CERELLER_MAH. = 1.0
x_KEMALLER_MAH. = 1.0

Optimal objective value: 0.0009030248916950256
