KÜTAHYA SÝMAV - DEMÝRCÝ Belediye Meclisi Seçilen Mahalleler

c_DEMIRCI-DEMIRCI_MAH. = 0.6172900916085504
c_DEMIRCI-OREYLER_MAH. = 0.3827099083914495
x_DEMIRCI-DEMIRCI_MAH. = 1.0
x_DEMIRCI-OREYLER_MAH. = 1.0

Optimal objective value: 0.0041289659164479575
