KÜTAHYA HÝSARCIK Belediye Meclisi Seçilen Mahalleler

c_YENIDOGAN_MAH. = 0.6790767606850947
c_SEHITLER_MAH. = 0.3209232393149053
x_YENIDOGAN_MAH. = 1.0
x_SEHITLER_MAH. = 1.0

Optimal objective value: 0.00035187907168154897
