KÜTAHYA SÝMAV - AKDAÐ Belediye Meclisi Seçilen Mahalleler

c_AKDAG-KINIK_MAH. = 0.5301923484707907
c_AKDAG-SAVCILAR_MAH. = 0.46980765152920934
x_AKDAG-KINIK_MAH. = 1.0
x_AKDAG-SAVCILAR_MAH. = 1.0

Optimal objective value: 0.000343643975924679
