MALATYA PÜTÜRGE Belediye Meclisi Seçilen Mahalleler

c_ESENCIK_MAH. = 0.6648889696886049
c_ESENLIK_MAH. = 0.3351110303113951
x_ESENCIK_MAH. = 1.0
x_ESENLIK_MAH. = 1.0

Optimal objective value: 0.000610283541628398
