MALATYA YAZIHAN Belediye Meclisi Seçilen Mahalleler

c_AMBARCIK_MAH. = 0.6332421573965418
c_TAHTALI_MAH. = 0.36675784260345823
x_AMBARCIK_MAH. = 1.0
x_TAHTALI_MAH. = 1.0

Optimal objective value: 0.0013211036965906642
