MALATYA DARENDE Belediye Meclisi Seçilen Mahalleler

c_AKCATOPRAK_MAH. = 0.9526858248743644
c_SENDERE_MAH. = 0.04731417512563561
x_AKCATOPRAK_MAH. = 1.0
x_SENDERE_MAH. = 1.0

Optimal objective value: 0.0009634065021220106
