MALATYA BATTALGAZÝ Belediye Meclisi Seçilen Mahalleler

c_ALHANUSAGI_MAH. = 0.7119069506079378
c_K.HUSEYINBEY_MAH. = 0.2880930493920622
x_ALHANUSAGI_MAH. = 1.0
x_K.HUSEYINBEY_MAH. = 1.0

Optimal objective value: 0.01017656716335491
