MALATYA DOÐANÞEHÝR Belediye Meclisi Seçilen Mahalleler

c_KARSIYAKA_MAH. = 0.25195768518133344
c_SURGU_MAH. = 0.7480423148186666
x_KARSIYAKA_MAH. = 1.0
x_SURGU_MAH. = 1.0

Optimal objective value: 0.0008169014991709078
