MALATYA ARGUVAN Belediye Meclisi Seçilen Mahalleler

c_ERMISLI_MAH. = 0.59240278363208
c_TATKINIK_MAH. = 0.40759721636791996
x_ERMISLI_MAH. = 1.0
x_TATKINIK_MAH. = 1.0

Optimal objective value: 0.008964294101186487
