MALATYA YEÞÝLYURT Belediye Meclisi Seçilen Mahalleler

c_ABDULGAFFAR_MAH. = 0.38179198099546285
c_ILYAS_MAH. = 0.6182080190045371
x_ABDULGAFFAR_MAH. = 1.0
x_ILYAS_MAH. = 1.0

Optimal objective value: 0.0012556336761017084
