MALATYA KULUNCAK Belediye Meclisi Seçilen Mahalleler

c_CIRITBELEN_MAH. = 0.4979159388255888
c_KARLIK_MAH. = 0.5020840611744112
x_CIRITBELEN_MAH. = 1.0
x_KARLIK_MAH. = 1.0

Optimal objective value: 0.010015138157854597
