MALATYA ARAPGÝR Belediye Meclisi Seçilen Mahalleler

c_ESIKLI_MAH. = 0.3349650720139431
c_YUKARIYENICE_MAH. = 0.6650349279860569
x_ESIKLI_MAH. = 1.0
x_YUKARIYENICE_MAH. = 1.0

Optimal objective value: 0.000801731538688899
