MALATYA HEKÝMHAN Belediye Meclisi Seçilen Mahalleler

c_AKMAGARA_MAH. = 0.10750667400818137
c_YENI_MAH. = 0.8924933259918186
x_AKMAGARA_MAH. = 1.0
x_YENI_MAH. = 1.0

Optimal objective value: 0.00046289713846237035
