MANÝSA SELENDÝ Belediye Meclisi Seçilen Mahalleler

c_AKCAKERTIL_MAH. = 0.2478083996646474
c_CORTAK_MAH. = 0.7521916003353526
x_AKCAKERTIL_MAH. = 1.0
x_CORTAK_MAH. = 1.0

Optimal objective value: 0.0007885064538895037
