MANÝSA YUNUSEMRE Belediye Meclisi Seçilen Mahalleler

c_75._YIL_MAH. = 0.7731836764421132
c_SARIAHMETLI_MAH. = 0.22681632355788686
x_75._YIL_MAH. = 1.0
x_SARIAHMETLI_MAH. = 1.0

Optimal objective value: 0.0016561688480859482
