MANÝSA SALÝHLÝ Belediye Meclisi Seçilen Mahalleler

c_KURTULUS_MAH. = 0.9032546981574117
c_YESILOVA_MAH. = 0.09674530184258837
x_KURTULUS_MAH. = 1.0
x_YESILOVA_MAH. = 1.0

Optimal objective value: 0.0007877989517541817
