MANÝSA TURGUTLU Belediye Meclisi Seçilen Mahalleler

c_AKCAPINAR_MAH. = 0.6065986073190813
c_ISTIKLAL_MAH. = 0.39340139268091867
x_AKCAPINAR_MAH. = 1.0
x_ISTIKLAL_MAH. = 1.0

Optimal objective value: 0.0014974111335361862
