MANÝSA AHMETLÝ Belediye Meclisi Seçilen Mahalleler

c_GOKKAYA_MAH. = 0.3107041293307077
c_KARAKOY_MAH. = 0.6892958706692923
x_GOKKAYA_MAH. = 1.0
x_KARAKOY_MAH. = 1.0

Optimal objective value: 0.005058121355815182
