MANÝSA GÖRDES Belediye Meclisi Seçilen Mahalleler

c_ADNAN_MENDERES_MAH. = 0.6691086683145816
c_KUREKCI_MAH. = 0.3308913316854184
x_ADNAN_MENDERES_MAH. = 1.0
x_KUREKCI_MAH. = 1.0

Optimal objective value: 0.0005610373696613991
