MANÝSA KIRKAÐAÇ Belediye Meclisi Seçilen Mahalleler

c_HAMIDIYE_MAH. = 0.33750758821393567
c_YENI_MAH. = 0.6624924117860643
x_HAMIDIYE_MAH. = 1.0
x_YENI_MAH. = 1.0

Optimal objective value: 0.0010669598786503531
