MANÝSA SARIGÖL Belediye Meclisi Seçilen Mahalleler

c_DOGUSLAR_MAH. = 0.1703751810432258
c_MIMAR_SINAN_MAH. = 0.8296248189567742
x_DOGUSLAR_MAH. = 1.0
x_MIMAR_SINAN_MAH. = 1.0

Optimal objective value: 0.0007030357147644883
