MANÝSA KÖPRÜBAÞI Belediye Meclisi Seçilen Mahalleler

c_GUNDOGDU_MAH. = 0.9031843586596064
c_CAVULLAR_MAH. = 0.09681564134039355
x_GUNDOGDU_MAH. = 1.0
x_CAVULLAR_MAH. = 1.0

Optimal objective value: 0.00012820724353901358
