MANÝSA AKHÝSAR Belediye Meclisi Seçilen Mahalleler

c_BALLICA_MAH. = 0.5846876951110216
c_COBANHASAN_MAH. = 0.4153123048889784
x_BALLICA_MAH. = 1.0
x_COBANHASAN_MAH. = 1.0

Optimal objective value: 0.00038438427743392456
