MANÝSA ALAÞEHÝR Belediye Meclisi Seçilen Mahalleler

c_KEMALIYE_MAH. = 0.7934785226692537
c_SAHYAR_MAH. = 0.20652147733074636
x_KEMALIYE_MAH. = 1.0
x_SAHYAR_MAH. = 1.0

Optimal objective value: 0.0006131815046497291
