MANÝSA SOMA Belediye Meclisi Seçilen Mahalleler

c_AKCAAVLU_MAH. = 0.14027405780291033
c_HAMIDIYE_MAH. = 0.8597259421970896
x_AKCAAVLU_MAH. = 1.0
x_HAMIDIYE_MAH. = 1.0

Optimal objective value: 0.0008749184993013248
