MANÝSA GÖLMARMARA Belediye Meclisi Seçilen Mahalleler

c_OZANCA_MAH. = 0.18501601809055446
c_IHSANIYE_MAH. = 0.8149839819094455
x_OZANCA_MAH. = 1.0
x_IHSANIYE_MAH. = 1.0

Optimal objective value: 0.0009112818982680571
