MANÝSA ÞEHZADELER Belediye Meclisi Seçilen Mahalleler

c_SANCAKLIBOZKOY_MAH. = 0.8951528242240183
c_YENIKOY_MAH. = 0.10484717577598165
x_SANCAKLIBOZKOY_MAH. = 1.0
x_YENIKOY_MAH. = 1.0

Optimal objective value: 0.0020878302407268956
