MARDÝN MÝDYAT Belediye Meclisi Seçilen Mahalleler

c_DUZOBA_MAH. = 0.3895397057438036
c_SANAYI_MAH. = 0.6104602942561964
x_DUZOBA_MAH. = 1.0
x_SANAYI_MAH. = 1.0

Optimal objective value: 0.0008074515055234155
