MARDÝN KIZILTEPE Belediye Meclisi Seçilen Mahalleler

c_SANAYI_MAH. = 0.6734146073439272
c_INANDI_MAH. = 0.3265853926560728
x_SANAYI_MAH. = 1.0
x_INANDI_MAH. = 1.0

Optimal objective value: 0.0007908385527577444
