MARDÝN DERÝK Belediye Meclisi Seçilen Mahalleler

c_AYDINLAR_MAH. = 0.9140562943271859
c_GOLBASI_MAH. = 0.08594370567281406
x_AYDINLAR_MAH. = 1.0
x_GOLBASI_MAH. = 1.0

Optimal objective value: 0.0006964974838310489
