MARDÝN YEÞÝLLÝ Belediye Meclisi Seçilen Mahalleler

c_BAHCEBASI_MAH. = 0.8452194451193794
c_DEREYANI_MAH. = 0.15478055488062056
x_BAHCEBASI_MAH. = 1.0
x_DEREYANI_MAH. = 1.0

Optimal objective value: 0.0004912711761748678
