MARDÝN DARGEÇÝT Belediye Meclisi Seçilen Mahalleler

c_AKYOL_MAH. = 0.43921231814849926
c_CATALAN_MAH. = 0.5607876818515007
x_AKYOL_MAH. = 1.0
x_CATALAN_MAH. = 1.0

Optimal objective value: 0.0008309821244285587
