MARDÝN MAZIDAÐI Belediye Meclisi Seçilen Mahalleler

c_KOCAKENT_MAH. = 0.19536346024352358
c_SENYUVA_MAH. = 0.8046365397564764
x_KOCAKENT_MAH. = 1.0
x_SENYUVA_MAH. = 1.0

Optimal objective value: 0.0011125496224250186
