MARDÝN ÖMERLÝ Belediye Meclisi Seçilen Mahalleler

c_KAYNAKKAYA_MAH. = 0.37274644974020943
c_SAFAK_MAH. = 0.6272535502597906
x_KAYNAKKAYA_MAH. = 1.0
x_SAFAK_MAH. = 1.0

Optimal objective value: 0.00029082968310656376
