MERSÝN AKDENÝZ Belediye Meclisi Seçilen Mahalleler

c_BAGCILAR-IHSANIYE_MAH. = 0.5948893451335837
c_YESILCIMEN_MAH. = 0.4051106548664163
x_BAGCILAR-IHSANIYE_MAH. = 1.0
x_YESILCIMEN_MAH. = 1.0

Optimal objective value: 0.023970825017106123
