MERSÝN ERDEMLÝ Belediye Meclisi Seçilen Mahalleler

c_FATIH_MAH. = 0.28551236116463596
c_TOMUK_MAH. = 0.714487638835364
x_FATIH_MAH. = 1.0
x_TOMUK_MAH. = 1.0

Optimal objective value: 0.0003808953564702344
