MERSÝN ÇAMLIYAYLA Belediye Meclisi Seçilen Mahalleler

c_CUMAYAKASI_MAH. = 0.7796031075689941
c_SEBIL_MAH. = 0.2203968924310059
x_CUMAYAKASI_MAH. = 1.0
x_SEBIL_MAH. = 1.0

Optimal objective value: 0.002135164765397324
