MERSÝN MUT Belediye Meclisi Seçilen Mahalleler

c_PAMUKLU_MAH. = 0.6770925828120895
c_CATALHARMAN_MAH. = 0.32290741718791044
x_PAMUKLU_MAH. = 1.0
x_CATALHARMAN_MAH. = 1.0

Optimal objective value: 0.0007389769144531266
