MERSÝN SÝLÝFKE Belediye Meclisi Seçilen Mahalleler

c_AKDERE_MAH. = 0.416386889757331
c_SARAY_MAH. = 0.5836131102426689
x_AKDERE_MAH. = 1.0
x_SARAY_MAH. = 1.0

Optimal objective value: 0.0003829004243658396
