MERSÝN TARSUS Belediye Meclisi Seçilen Mahalleler

c_AKSEMSETTIN_MAH. = 0.7420610375400365
c_YENICE_MAH. = 0.25793896245996345
x_AKSEMSETTIN_MAH. = 1.0
x_YENICE_MAH. = 1.0

Optimal objective value: 0.001182435799789383
