MERSÝN MEZÝTLÝ Belediye Meclisi Seçilen Mahalleler

c_75.YIL_MAH. = 0.9917177699772508
c_CANKAYA_MAH. = 0.008282230022749162
x_75.YIL_MAH. = 1.0
x_CANKAYA_MAH. = 1.0

Optimal objective value: 0.0008019892666644157
