MERSÝN AYDINCIK Belediye Meclisi Seçilen Mahalleler

c_CUMHURIYET_MAH. = 0.7910592463433666
c_YENIKAS_MAH. = 0.20894075365663348
x_CUMHURIYET_MAH. = 1.0
x_YENIKAS_MAH. = 1.0

Optimal objective value: 0.0006735412357539161
