MERSÝN TOROSLAR Belediye Meclisi Seçilen Mahalleler

c_ALADAG_MAH. = 0.5862917741432554
c_MUSTAFA_KEMAL_MAH. = 0.41370822585674466
x_ALADAG_MAH. = 1.0
x_MUSTAFA_KEMAL_MAH. = 1.0

Optimal objective value: 0.0016793263698462457
