MERSÝN ANAMUR Belediye Meclisi Seçilen Mahalleler

c_AKARCA_MAH. = 0.8713593297405128
c_OREN_MAH. = 0.12864067025948722
x_AKARCA_MAH. = 1.0
x_OREN_MAH. = 1.0

Optimal objective value: 0.001000770989860178
