MUÐLA FETHÝYE Belediye Meclisi Seçilen Mahalleler

c_KESIKKAPI_MAH. = 0.7510161537623209
c_CAMKOY_MAH. = 0.24898384623767908
x_KESIKKAPI_MAH. = 1.0
x_CAMKOY_MAH. = 1.0

Optimal objective value: 0.0008830847049332569
