MUÐLA SEYDÝKEMER Belediye Meclisi Seçilen Mahalleler

c_ARSAKOY_MAH. = 0.5149863377074784
c_GOLBENT_MAH. = 0.48501366229252163
x_ARSAKOY_MAH. = 1.0
x_GOLBENT_MAH. = 1.0

Optimal objective value: 0.00037893792214171995
