MUÐLA MARMARÝS Belediye Meclisi Seçilen Mahalleler

c_ADAKOY_MAH. = 0.038777879312241414
c_CAMLI_MAH. = 0.9612221206877586
x_ADAKOY_MAH. = 1.0
x_CAMLI_MAH. = 1.0

Optimal objective value: 0.010251259172519123
