MUÐLA KAVAKLIDERE Belediye Meclisi Seçilen Mahalleler

c_BAKIRCILAR_MAH. = 0.30522477587919583
c_CAMLIBEL_MAH. = 0.6947752241208042
x_BAKIRCILAR_MAH. = 1.0
x_CAMLIBEL_MAH. = 1.0

Optimal objective value: 0.0007169748883967264
