MUÐLA BODRUM Belediye Meclisi Seçilen Mahalleler

c_KEMER_MAH. = 0.2846559561187959
c_TORBA_MAH. = 0.7153440438812041
x_KEMER_MAH. = 1.0
x_TORBA_MAH. = 1.0

Optimal objective value: 0.0006786059298459213
