MUÐLA ULA Belediye Meclisi Seçilen Mahalleler

c_GOKCE_MAH. = 0.18343520026741011
c_KIZILYAKA_MAH. = 0.8165647997325899
x_GOKCE_MAH. = 1.0
x_KIZILYAKA_MAH. = 1.0

Optimal objective value: 0.001100673299876953
