MUÐLA MÝLAS Belediye Meclisi Seçilen Mahalleler

c_GURCAMLAR_MAH. = 0.7052414677836365
c_CALLI_MAH. = 0.2947585322163635
x_GURCAMLAR_MAH. = 1.0
x_CALLI_MAH. = 1.0

Optimal objective value: 0.00045216273294690357
