MUÐLA ORTACA Belediye Meclisi Seçilen Mahalleler

c_OKCULAR_MAH. = 0.34091330159886946
c_TERZIALILER_MAH. = 0.6590866984011305
x_OKCULAR_MAH. = 1.0
x_TERZIALILER_MAH. = 1.0

Optimal objective value: 0.001516143633293443
