MUÐLA KÖYCEÐÝZ Belediye Meclisi Seçilen Mahalleler

c_DOGUSBELEN_MAH. = 0.620959195856121
c_ZEYTINALANI_MAH. = 0.379040804143879
x_DOGUSBELEN_MAH. = 1.0
x_ZEYTINALANI_MAH. = 1.0

Optimal objective value: 0.00020709769361770825
