MUÐLA MENTEÞE Belediye Meclisi Seçilen Mahalleler

c_AKKAYA_MAH. = 0.47251719973594575
c_MUSLIHITTIN_MAH. = 0.5274828002640543
x_AKKAYA_MAH. = 1.0
x_MUSLIHITTIN_MAH. = 1.0

Optimal objective value: 0.0015932698518972277
