MUÞ MUÞ MERKEZ - YAYGIN Belediye Meclisi Seçilen Mahalleler

c_YAYGIN-DAGARASI_MAH. = 0.042322077928625634
c_YAYGIN-MERKEZ_MAH. = 0.9576779220713744
x_YAYGIN-DAGARASI_MAH. = 1.0
x_YAYGIN-MERKEZ_MAH. = 1.0

Optimal objective value: 0.006282389982995573
