MUÞ MALAZGÝRT Belediye Meclisi Seçilen Mahalleler

c_ADALAR_MAH. = 0.6759501564377347
c_SELCUKLU_MAH. = 0.3240498435622653
x_ADALAR_MAH. = 1.0
x_SELCUKLU_MAH. = 1.0

Optimal objective value: 0.00039002860889680857
