MUÞ BULANIK - YONCALI Belediye Meclisi Seçilen Mahalleler

c_YONCALI-HURRIYET_MAH. = 0.7497798250655507
c_YONCALI-YENI_MAH. = 0.25022017493444926
x_YONCALI-HURRIYET_MAH. = 1.0
x_YONCALI-YENI_MAH. = 1.0

Optimal objective value: 0.008241091353071162
