MUÞ HASKÖY - DÜZKIÞLA Belediye Meclisi Seçilen Mahalleler

c_DUZKISLA-KULTUR_MAH. = 0.052777229440675595
c_DUZKISLA-YENI_MAH. = 0.9472227705593244
x_DUZKISLA-KULTUR_MAH. = 1.0
x_DUZKISLA-YENI_MAH. = 1.0

Optimal objective value: 0.2186368323905029
