MUÞ VARTO Belediye Meclisi Seçilen Mahalleler

c_BAHCELIEVLER_MAH. = 0.25400813194064153
c_GUMGUM_MAH. = 0.7459918680593585
x_BAHCELIEVLER_MAH. = 1.0
x_GUMGUM_MAH. = 1.0

Optimal objective value: 0.0003440741354681087
