MUÞ BULANIK - SARIPINAR Belediye Meclisi Seçilen Mahalleler

c_SARIPINAR-PINAR_MAH. = 0.4545501949854528
c_SARIPINAR-SINAN_MAH. = 0.5454498050145472
x_SARIPINAR-PINAR_MAH. = 1.0
x_SARIPINAR-SINAN_MAH. = 1.0

Optimal objective value: 0.016761474436716273
