MUÞ MUÞ MERKEZ - KIRKÖY Belediye Meclisi Seçilen Mahalleler

c_KIRKOY-BAHCELIEVLER_MAH. = 0.5190738418364967
c_KIRKOY-DUZ_MAH. = 0.48092615816350326
x_KIRKOY-BAHCELIEVLER_MAH. = 1.0
x_KIRKOY-DUZ_MAH. = 1.0

Optimal objective value: 0.005709378663094178
