MUÞ MUÞ MERKEZ Belediye Meclisi Seçilen Mahalleler

c_MURATPASA_MAH. = 0.46187336280268754
c_YESILYURT_MAH. = 0.5381266371973125
x_MURATPASA_MAH. = 1.0
x_YESILYURT_MAH. = 1.0

Optimal objective value: 0.0038921585608079345
