MUÞ BULANIK - ERENTEPE Belediye Meclisi Seçilen Mahalleler

c_ERENTEPE-GAZI_MAH. = 0.7296509446373134
c_ERENTEPE-KALE_MAH. = 0.2703490553626866
x_ERENTEPE-GAZI_MAH. = 1.0
x_ERENTEPE-KALE_MAH. = 1.0

Optimal objective value: 0.0018886962023089149
