MUÞ BULANIK Belediye Meclisi Seçilen Mahalleler

c_MESCITLI_MAH. = 0.49996638957099837
c_YENI_MAH. = 0.5000336104290016
x_MESCITLI_MAH. = 1.0
x_YENI_MAH. = 1.0

Optimal objective value: 0.001455816076438854
