NEVÞEHÝR DERÝNKUYU Belediye Meclisi Seçilen Mahalleler

c_CUMHURIYET_MAH. = 0.5140010725507147
c_DEMIRCI_MAH. = 0.4859989274492853
x_CUMHURIYET_MAH. = 1.0
x_DEMIRCI_MAH. = 1.0

Optimal objective value: 0.004748941587060629
