NEVÞEHÝR NEVÞEHÝR MERKEZ - KAVAK Belediye Meclisi Seçilen Mahalleler

c_KAVAK-ASAGI_MAH. = 0.5533657650828241
c_KAVAK-YUKARI_MAH. = 0.44663423491717597
x_KAVAK-ASAGI_MAH. = 1.0
x_KAVAK-YUKARI_MAH. = 1.0

Optimal objective value: 4.582984325374184e-09
