NEVÞEHÝR KOZAKLI Belediye Meclisi Seçilen Mahalleler

c_ALTUNSU_MAH. = 0.7580892564138243
c_BAHCELIEVLER_MAH. = 0.2419107435861757
x_ALTUNSU_MAH. = 1.0
x_BAHCELIEVLER_MAH. = 1.0

Optimal objective value: 0.00082820176149212
