NEVÞEHÝR AVANOS - KALABA Belediye Meclisi Seçilen Mahalleler

c_KALABA-50.YIL_MAH. = 0.4162284122779045
c_KALABA-HURRIYET_MAH. = 0.5837715877220955
x_KALABA-50.YIL_MAH. = 1.0
x_KALABA-HURRIYET_MAH. = 1.0

Optimal objective value: 0.0006734300539817939
