NEVÞEHÝR AVANOS - ÖZKONAK Belediye Meclisi Seçilen Mahalleler

c_OZKONAK-CAMI-KEBIR_MAH. = 0.5096811186907125
c_OZKONAK-ORTA_MAH. = 0.49031888130928747
x_OZKONAK-CAMI-KEBIR_MAH. = 1.0
x_OZKONAK-ORTA_MAH. = 1.0

Optimal objective value: 0.015955508833772947
