NEVÞEHÝR ÜRGÜP Belediye Meclisi Seçilen Mahalleler

c_AKSALUR_SALUR_MAH. = 0.11587168922099922
c_BAHCELIEVLER_MAH. = 0.8841283107790008
x_AKSALUR_SALUR_MAH. = 1.0
x_BAHCELIEVLER_MAH. = 1.0

Optimal objective value: 0.0008017733010626804
