NEVÞEHÝR AVANOS Belediye Meclisi Seçilen Mahalleler

c_ALAADDIN_MAH. = 0.4559305503002532
c_KARASEKI_MAH. = 0.5440694496997468
x_ALAADDIN_MAH. = 1.0
x_KARASEKI_MAH. = 1.0

Optimal objective value: 0.003334097664753344
