NEVÞEHÝR ACIGÖL Belediye Meclisi Seçilen Mahalleler

c_BAHCELI_MAH. = 0.5323042545236958
c_CUMHURIYET_MAH. = 0.46769574547630427
x_BAHCELI_MAH. = 1.0
x_CUMHURIYET_MAH. = 1.0

Optimal objective value: 0.0004364490377832819
