NEVÞEHÝR GÜLÞEHÝR Belediye Meclisi Seçilen Mahalleler

c_KARACASAR_MAH. = 0.15246582623702287
c_KARAVEZIR_MAH. = 0.8475341737629771
x_KARACASAR_MAH. = 1.0
x_KARAVEZIR_MAH. = 1.0

Optimal objective value: 0.001009572377306367
