NEVÞEHÝR AVANOS - ÇALIÞ Belediye Meclisi Seçilen Mahalleler

c_CALIS-ASAGI_MAH. = 0.167929887561497
c_CALIS-ORTA_MAH. = 0.832070112438503
x_CALIS-ASAGI_MAH. = 1.0
x_CALIS-ORTA_MAH. = 1.0

Optimal objective value: 4.985087709941105e-05
