NEVÞEHÝR NEVÞEHÝR MERKEZ - ÇAT Belediye Meclisi Seçilen Mahalleler

c_CAT-15_TEMMUZ_MAH. = 0.7200714231092752
c_CAT-CUMHURIYET_MAH. = 0.2799285768907251
x_CAT-15_TEMMUZ_MAH. = 1.0
x_CAT-CUMHURIYET_MAH. = 1.0

Optimal objective value: -4.440892098500626e-16
