NÝÐDE BOR - BAHÇELÝ Belediye Meclisi Seçilen Mahalleler

c_BAHCELI-CUMHURIYET_MAH. = 0.603052455843298
c_BAHCELI-SARAY_MAH. = 0.39694754415670197
x_BAHCELI-CUMHURIYET_MAH. = 1.0
x_BAHCELI-SARAY_MAH. = 1.0

Optimal objective value: 0.005470281222263229
