NÝÐDE NÝÐDE MERKEZ - ORHANLI Belediye Meclisi Seçilen Mahalleler

c_ORHANLI-FATIH_MAH. = 0.5232730757222174
c_ORHANLI-YAVUZ_MAH. = 0.47672692427778285
x_ORHANLI-FATIH_MAH. = 1.0
x_ORHANLI-YAVUZ_MAH. = 1.0

Optimal objective value: 1.9762370511156035e-06
