NÝÐDE NÝÐDE MERKEZ - ALAY Belediye Meclisi Seçilen Mahalleler

c_ALAY-CUMHURIYET_MAH. = 0.40464489766976325
c_ALAY-HURRIYET_MAH. = 0.5953551023302368
x_ALAY-CUMHURIYET_MAH. = 1.0
x_ALAY-HURRIYET_MAH. = 1.0

Optimal objective value: 0.0008174693020724932
