NÝÐDE ALTUNHÝSAR Belediye Meclisi Seçilen Mahalleler

c_YUKARI_MAH. = 0.24945151350943687
c_ISTIKLAL_MAH. = 0.7505484864905632
x_YUKARI_MAH. = 1.0
x_ISTIKLAL_MAH. = 1.0

Optimal objective value: 0.0007329057964441388
