NÝÐDE NÝÐDE MERKEZ - DÜNDARLI Belediye Meclisi Seçilen Mahalleler

c_DUNDARLI-FATIH_MAH. = 0.2728791609307743
c_DUNDARLI-YENICE_MAH. = 0.7271208390692256
x_DUNDARLI-FATIH_MAH. = 1.0
x_DUNDARLI-YENICE_MAH. = 1.0

Optimal objective value: 0.0005608683320333929
