NÝÐDE ÇÝFTLÝK - BOZKÖY Belediye Meclisi Seçilen Mahalleler

c_BOZKOY-YENIKENT_MAH. = 0.6661375513790092
c_BOZKOY-YESILYURT_MAH. = 0.3338624486209908
x_BOZKOY-YENIKENT_MAH. = 1.0
x_BOZKOY-YESILYURT_MAH. = 1.0

Optimal objective value: 0.0007329800677131626
