NÝÐDE NÝÐDE MERKEZ - AKTAÞ Belediye Meclisi Seçilen Mahalleler

c_AKTAS-CUMHURIYET_MAH. = 0.5594812263529128
c_AKTAS-DEVLET_MAH. = 0.44051877364708725
x_AKTAS-CUMHURIYET_MAH. = 1.0
x_AKTAS-DEVLET_MAH. = 1.0

Optimal objective value: 0.003374597212022823
