NÝÐDE ÇÝFTLÝK - DÝVARLI Belediye Meclisi Seçilen Mahalleler

c_DIVARLI-ALPASLAN_MAH. = 0.7285844153065743
c_DIVARLI-FATIH_MAH. = 0.27141558469342575
x_DIVARLI-ALPASLAN_MAH. = 1.0
x_DIVARLI-FATIH_MAH. = 1.0

Optimal objective value: 0.005577181596577718
