NÝÐDE ÇÝFTLÝK - AZATLI Belediye Meclisi Seçilen Mahalleler

c_AZATLI-KULLUCE_MAH. = 0.4820276447087153
c_AZATLI-YENI_MAH. = 0.5179723552912847
x_AZATLI-KULLUCE_MAH. = 1.0
x_AZATLI-YENI_MAH. = 1.0

Optimal objective value: 0.000935329226155801
