NÝÐDE ÇÝFTLÝK Belediye Meclisi Seçilen Mahalleler

c_YENI_MAH. = 0.525573814505077
c_CARSI_MAH. = 0.47442618549492294
x_YENI_MAH. = 1.0
x_CARSI_MAH. = 1.0

Optimal objective value: 0.0042218996335045
