NÝÐDE NÝÐDE MERKEZ Belediye Meclisi Seçilen Mahalleler

c_AHIPASA_MAH. = 0.047352537207356216
c_SEHITLER_MAH. = 0.9526474627926438
x_AHIPASA_MAH. = 1.0
x_SEHITLER_MAH. = 1.0

Optimal objective value: 0.0008331026390058227
