NÝÐDE NÝÐDE MERKEZ - SAZLICA Belediye Meclisi Seçilen Mahalleler

c_SAZLICA-ASAGI_MAH. = 0.26910910625013407
c_SAZLICA-YENI_MAH. = 0.7308908937498659
x_SAZLICA-ASAGI_MAH. = 1.0
x_SAZLICA-YENI_MAH. = 1.0

Optimal objective value: 0.0004191704197531454
