ORDU KUMRU Belediye Meclisi Seçilen Mahalleler

c_AKCADERE_MAH. = 0.3087639323116901
c_YUKARIDAMLALI_MAH. = 0.6912360676883099
x_AKCADERE_MAH. = 1.0
x_YUKARIDAMLALI_MAH. = 1.0

Optimal objective value: 0.00018892030287021022
