ORDU GÖLKÖY Belediye Meclisi Seçilen Mahalleler

c_AKCALI_MAH. = 0.04468293965445569
c_CATAK_MAH. = 0.9553170603455443
x_AKCALI_MAH. = 1.0
x_CATAK_MAH. = 1.0

Optimal objective value: 0.00027007539888657117
