ORDU FATSA Belediye Meclisi Seçilen Mahalleler

c_DUMLUPINAR_MAH. = 0.7209479361192309
c_YENIDOGAN_MAH. = 0.2790520638807691
x_DUMLUPINAR_MAH. = 1.0
x_YENIDOGAN_MAH. = 1.0

Optimal objective value: 0.0008627911554108803
