ORDU ULUBEY Belediye Meclisi Seçilen Mahalleler

c_AKPINAR_MAH. = 0.5471161075782593
c_YUKARIKIZILEN_MAH. = 0.4528838924217406
x_AKPINAR_MAH. = 1.0
x_YUKARIKIZILEN_MAH. = 1.0

Optimal objective value: 0.0007579852423296174
