ORDU AYBASTI Belediye Meclisi Seçilen Mahalleler

c_ARMUTLU_MAH. = 0.5712504598515875
c_KUTLULAR_MAH. = 0.42874954014841254
x_ARMUTLU_MAH. = 1.0
x_KUTLULAR_MAH. = 1.0

Optimal objective value: 0.006666974834740436
