ORDU GÜRGENTEPE Belediye Meclisi Seçilen Mahalleler

c_AKOREN_MAH. = 0.28390878701430616
c_HASANCIK_MAH. = 0.7160912129856938
x_AKOREN_MAH. = 1.0
x_HASANCIK_MAH. = 1.0

Optimal objective value: 0.0007759222908350072
