ORDU ÜNYE Belediye Meclisi Seçilen Mahalleler

c_ATAKOY_MAH. = 0.13826490199761832
c_ESKIKIZILCAKESE_MAH. = 0.8617350980023817
x_ATAKOY_MAH. = 1.0
x_ESKIKIZILCAKESE_MAH. = 1.0

Optimal objective value: 0.004580003514569553
