ORDU AKKUÞ Belediye Meclisi Seçilen Mahalleler

c_YESILKOY_MAH. = 0.44312507124621303
c_CAYIRALAN_MAH. = 0.556874928753787
x_YESILKOY_MAH. = 1.0
x_CAYIRALAN_MAH. = 1.0

Optimal objective value: 0.0014649411176191895
