ORDU ALTINORDU Belediye Meclisi Seçilen Mahalleler

c_DEDELI_MAH. = 0.7648140692898769
c_GUZELYALI_MAH. = 0.23518593071012303
x_DEDELI_MAH. = 1.0
x_GUZELYALI_MAH. = 1.0

Optimal objective value: 0.0008815381079003703
