ORDU KABADÜZ Belediye Meclisi Seçilen Mahalleler

c_GELINKAYA_MAH. = 0.5457302050684021
c_HARAMI_MAH. = 0.45426979493159786
x_GELINKAYA_MAH. = 1.0
x_HARAMI_MAH. = 1.0

Optimal objective value: 0.02978425496732484
