OSMANÝYE TOPRAKKALE Belediye Meclisi Seçilen Mahalleler

c_KARATAS_MAH. = 0.5890685395857589
c_SAZLIK_MAH. = 0.41093146041424117
x_KARATAS_MAH. = 1.0
x_SAZLIK_MAH. = 1.0

Optimal objective value: 0.012031173497572545
