OSMANÝYE DÜZÝÇÝ - ELLEK Belediye Meclisi Seçilen Mahalleler

c_ELLEK-PECENEK_MAH. = 0.750832659795165
c_ELLEK-CIRAZ_MAH. = 0.249167340204835
x_ELLEK-PECENEK_MAH. = 1.0
x_ELLEK-CIRAZ_MAH. = 1.0

Optimal objective value: 0.0027236328213444683
