OSMANÝYE KADÝRLÝ Belediye Meclisi Seçilen Mahalleler

c_7_MART_MAH. = 0.4538469934721293
c_SEHIT_KANSU_KUCUKATES_MAH. = 0.5461530065278707
x_7_MART_MAH. = 1.0
x_SEHIT_KANSU_KUCUKATES_MAH. = 1.0

Optimal objective value: 0.00019819717827562755
