OSMANÝYE HASANBEYLÝ Belediye Meclisi Seçilen Mahalleler

c_HURRIYET_MAH. = 0.25582339365372214
c_MERKEZ_MAH. = 0.7441766063462778
x_HURRIYET_MAH. = 1.0
x_MERKEZ_MAH. = 1.0

Optimal objective value: 0.0006046809449107293
