OSMANÝYE SUMBAS Belediye Meclisi Seçilen Mahalleler

c_DOGENLI_MAH. = 0.5771346171102859
c_KARAOMERLI_MAH. = 0.4228653828897138
x_DOGENLI_MAH. = 1.0
x_KARAOMERLI_MAH. = 1.0

Optimal objective value: 0.05632260843799897
