RÝZE RÝZE MERKEZ - KENDÝRLÝ Belediye Meclisi Seçilen Mahalleler

c_KENDIRLI-ASMALIK_MAH. = 0.27360252163844373
c_KENDIRLI-ORTA_MAH. = 0.7263974783615563
x_KENDIRLI-ASMALIK_MAH. = 1.0
x_KENDIRLI-ORTA_MAH. = 1.0

Optimal objective value: 0.009498290895524342
