RÝZE ÇAYELÝ Belediye Meclisi Seçilen Mahalleler

c_YENIPAZAR_MAH. = 0.8689569653686019
c_CATAKLIHOCA_MAH. = 0.1310430346313981
x_YENIPAZAR_MAH. = 1.0
x_CATAKLIHOCA_MAH. = 1.0

Optimal objective value: 0.0003776676745496088
