RÝZE DEREPAZARI Belediye Meclisi Seçilen Mahalleler

c_ERIKLIMANI_MAH. = 0.6325735711950373
c_SARIYER_MAH. = 0.3674264288049626
x_ERIKLIMANI_MAH. = 1.0
x_SARIYER_MAH. = 1.0

Optimal objective value: 0.0007509605755207094
