RÝZE KALKANDERE Belediye Meclisi Seçilen Mahalleler

c_CEVIZLIK_MAH. = 0.38414451770977864
c_MEDRESE_MAH. = 0.6158554822902214
x_CEVIZLIK_MAH. = 1.0
x_MEDRESE_MAH. = 1.0

Optimal objective value: 0.0006819872482636269
