RÝZE ÇAMLIHEMÞÝN Belediye Meclisi Seçilen Mahalleler

c_KAPLICA_MAH. = 0.6080565253386789
c_MERKEZ_MAH. = 0.391943474661321
x_KAPLICA_MAH. = 1.0
x_MERKEZ_MAH. = 1.0

Optimal objective value: 0.022406003114143203
