RÝZE GÜNEYSU Belediye Meclisi Seçilen Mahalleler

c_ADACAMI_MAH. = 0.634624903037446
c_ESKICAMI_MAH. = 0.36537509696255405
x_ADACAMI_MAH. = 1.0
x_ESKICAMI_MAH. = 1.0

Optimal objective value: 0.0011358745000440429
