RÝZE ARDEÞEN - TUNCA Belediye Meclisi Seçilen Mahalleler

c_TUNCA-ADA_MAH. = 0.31402710667705946
c_TUNCA-MERKEZ_MAH. = 0.6859728933229405
x_TUNCA-ADA_MAH. = 1.0
x_TUNCA-MERKEZ_MAH. = 1.0

Optimal objective value: 0.00013136989882955863
