RÝZE ÝYÝDERE Belediye Meclisi Seçilen Mahalleler

c_FETHIYE_MAH. = 0.5945288684119935
c_FICITASI_MAH. = 0.4054711315880065
x_FETHIYE_MAH. = 1.0
x_FICITASI_MAH. = 1.0

Optimal objective value: 0.0009342493258213125
