RÝZE RÝZE MERKEZ Belediye Meclisi Seçilen Mahalleler

c_ALIPASA_MAH. = 0.3088809903990437
c_CIFTEKAVAK_MAH. = 0.6911190096009563
x_ALIPASA_MAH. = 1.0
x_CIFTEKAVAK_MAH. = 1.0

Optimal objective value: 0.0005161823120477527
