RÝZE ÇAYELÝ - BÜYÜKKÖY Belediye Meclisi Seçilen Mahalleler

c_BUYUKKOY-MERKEZ_MAH. = 0.4753198190684329
c_BUYUKKOY-CAVUSLU_MAH. = 0.5246801809315671
x_BUYUKKOY-MERKEZ_MAH. = 1.0
x_BUYUKKOY-CAVUSLU_MAH. = 1.0

Optimal objective value: 0.00014896432347510924
