SAKARYA ARÝFÝYE Belediye Meclisi Seçilen Mahalleler

c_ARIFBEY_MAH. = 0.5466476900908027
c_TURKCAYBASI_MAH. = 0.4533523099091973
x_ARIFBEY_MAH. = 1.0
x_TURKCAYBASI_MAH. = 1.0

Optimal objective value: 0.0012830991896207733
