SAKARYA FERÝZLÝ Belediye Meclisi Seçilen Mahalleler

c_KEMALPASA_MAH. = 0.3291494808317791
c_SINANOGLU_MAH. = 0.6708505191682209
x_KEMALPASA_MAH. = 1.0
x_SINANOGLU_MAH. = 1.0

Optimal objective value: 0.00010487955202509447
