SAKARYA PAMUKOVA Belediye Meclisi Seçilen Mahalleler

c_BACIKOY_MAH. = 0.2677133289608592
c_ELPEREK_MAH. = 0.7322866710391408
x_BACIKOY_MAH. = 1.0
x_ELPEREK_MAH. = 1.0

Optimal objective value: 0.0006307128188428601
