SAKARYA KAYNARCA Belediye Meclisi Seçilen Mahalleler

c_SABIRLI_MAH. = 0.5452268099300929
c_SARIBEYLI_MAH. = 0.45477319006990713
x_SABIRLI_MAH. = 1.0
x_SARIBEYLI_MAH. = 1.0

Optimal objective value: 0.0007743842282844637
