SAKARYA SERDÝVAN Belediye Meclisi Seçilen Mahalleler

c_BESKOPRU_MAH. = 0.5304158134782425
c_ESENTEPE_MAH. = 0.4695841865217575
x_BESKOPRU_MAH. = 1.0
x_ESENTEPE_MAH. = 1.0

Optimal objective value: 0.0002462901462348954
