SAKARYA SAPANCA Belediye Meclisi Seçilen Mahalleler

c_HACIMERCAN_MAH. = 0.28079787187072225
c_KIRKPINAR_TEPEBASI_MAH. = 0.7192021281292778
x_HACIMERCAN_MAH. = 1.0
x_KIRKPINAR_TEPEBASI_MAH. = 1.0

Optimal objective value: 0.003001804192813262
