SAKARYA GEYVE Belediye Meclisi Seçilen Mahalleler

c_UMURBEY_MAH. = 0.354794284423824
c_INCIKSUYU_MAH. = 0.645205715576176
x_UMURBEY_MAH. = 1.0
x_INCIKSUYU_MAH. = 1.0

Optimal objective value: 0.00046750537328366093
