SAKARYA HENDEK Belediye Meclisi Seçilen Mahalleler

c_SARIDEDE_MAH. = 0.7040876863557826
c_CIFTLIK_MAH. = 0.2959123136442174
x_SARIDEDE_MAH. = 1.0
x_CIFTLIK_MAH. = 1.0

Optimal objective value: 0.0010097487229078217
