SAKARYA ADAPAZARI Belediye Meclisi Seçilen Mahalleler

c_KAYRANCIK_MAH. = 0.1359612296775896
c_SAKARYA_MAH. = 0.8640387703224104
x_KAYRANCIK_MAH. = 1.0
x_SAKARYA_MAH. = 1.0

Optimal objective value: 0.00012081055399104645
