SAKARYA TARAKLI Belediye Meclisi Seçilen Mahalleler

c_DUMAN_MAH. = 0.6359628250471145
c_YENIDOGAN_MAH. = 0.3640371749528854
x_DUMAN_MAH. = 1.0
x_YENIDOGAN_MAH. = 1.0

Optimal objective value: 0.11394512524274303
