SAKARYA AKYAZI Belediye Meclisi Seçilen Mahalleler

c_BATAKKOY_MAH. = 0.5270292373755758
c_GAZI_SULEYMAN_PASA_MAH. = 0.47297076262442417
x_BATAKKOY_MAH. = 1.0
x_GAZI_SULEYMAN_PASA_MAH. = 1.0

Optimal objective value: 0.00037278054728173693
