SAKARYA ERENLER Belediye Meclisi Seçilen Mahalleler

c_BAGLAR_MAH. = 0.7918670943842071
c_BUYUKESENCE_MAH. = 0.2081329056157929
x_BAGLAR_MAH. = 1.0
x_BUYUKESENCE_MAH. = 1.0

Optimal objective value: 0.0007183983070740974
