SAMSUN TERME Belediye Meclisi Seçilen Mahalleler

c_AHMETBEY_MAH. = 0.6954590451985128
c_SAKARLI_MAH. = 0.3045409548014872
x_AHMETBEY_MAH. = 1.0
x_SAKARLI_MAH. = 1.0

Optimal objective value: 0.0009129051975773628
