SAMSUN ÇARÞAMBA Belediye Meclisi Seçilen Mahalleler

c_BAYRAMLI_MAH. = 0.25505344593144497
c_KARAKULAK_MAH. = 0.744946554068555
x_BAYRAMLI_MAH. = 1.0
x_KARAKULAK_MAH. = 1.0

Optimal objective value: 0.0007195391959016195
