SAMSUN ASARCIK Belediye Meclisi Seçilen Mahalleler

c_KILAVUZLU_MAH. = 0.8038645478131865
c_YAYLAKOY_MAH. = 0.19613545218681355
x_KILAVUZLU_MAH. = 1.0
x_YAYLAKOY_MAH. = 1.0

Optimal objective value: 0.0010811333255220656
