SAMSUN CANÝK Belediye Meclisi Seçilen Mahalleler

c_KESTANEPINAR_MAH. = 0.28567866022702737
c_YENIMAHALLE_MAH. = 0.7143213397729726
x_KESTANEPINAR_MAH. = 1.0
x_YENIMAHALLE_MAH. = 1.0

Optimal objective value: 0.0008903642514743737
