SAMSUN 19 MAYIS Belediye Meclisi Seçilen Mahalleler

c_CETIRLIPINAR_MAH. = 0.5956815246882468
c_CIFTLIKKOY_MAH. = 0.4043184753117533
x_CETIRLIPINAR_MAH. = 1.0
x_CIFTLIKKOY_MAH. = 1.0

Optimal objective value: 0.000886968916848474
