SAMSUN ÝLKADIM Belediye Meclisi Seçilen Mahalleler

c_KADAMUT_MAH. = 0.42748630232337514
c_ZEYTINLIK__MAH. = 0.5725136976766249
x_KADAMUT_MAH. = 1.0
x_ZEYTINLIK__MAH. = 1.0

Optimal objective value: 0.0011517019922892002
