SAMSUN AYVACIK Belediye Meclisi Seçilen Mahalleler

c_OSMANLI_MAH. = 0.6553177886816431
c_SENPINAR_MAH. = 0.34468221131835686
x_OSMANLI_MAH. = 1.0
x_SENPINAR_MAH. = 1.0

Optimal objective value: 0.001009489046701395
