SAMSUN SALIPAZARI Belediye Meclisi Seçilen Mahalleler

c_FATSALILAR_MAH. = 0.4568697977799644
c_MERKEZ_KOCALAR_MAH. = 0.5431302022200356
x_FATSALILAR_MAH. = 1.0
x_MERKEZ_KOCALAR_MAH. = 1.0

Optimal objective value: 0.0007383418529698371
