SAMSUN HAVZA Belediye Meclisi Seçilen Mahalleler

c_TASKARACAOREN_MAH. = 0.2698835430734272
c_CAKIRALAN_MAH. = 0.7301164569265728
x_TASKARACAOREN_MAH. = 1.0
x_CAKIRALAN_MAH. = 1.0

Optimal objective value: 0.0010156501252530648
