SAMSUN LADÝK Belediye Meclisi Seçilen Mahalleler

c_SALUR_MAH. = 0.3268655933954301
c_SARAY_MAH. = 0.6731344066045699
x_SALUR_MAH. = 1.0
x_SARAY_MAH. = 1.0

Optimal objective value: 0.0009853766458277624
