SAMSUN YAKAKENT Belediye Meclisi Seçilen Mahalleler

c_MERKEZ_MAH. = 0.6011783009049816
c_MUTAFLI_MAH. = 0.39882169909501847
x_MERKEZ_MAH. = 1.0
x_MUTAFLI_MAH. = 1.0

Optimal objective value: 0.0006883536118003075
