SAMSUN TEKKEKÖY Belediye Meclisi Seçilen Mahalleler

c_ANTYERI_MAH. = 0.09575524773045718
c_KIRAZLIK_MAH. = 0.9042447522695428
x_ANTYERI_MAH. = 1.0
x_KIRAZLIK_MAH. = 1.0

Optimal objective value: 0.0007465997866430429
