SAMSUN ALAÇAM Belediye Meclisi Seçilen Mahalleler

c_PELITBUKUSEKECEK_MAH. = 0.4954019373370029
c_SIRINKOY_MAH. = 0.5045980626629971
x_PELITBUKUSEKECEK_MAH. = 1.0
x_SIRINKOY_MAH. = 1.0

Optimal objective value: 0.004278152795068824
