SAMSUN BAFRA Belediye Meclisi Seçilen Mahalleler

c_ADAKOY_MAH. = 0.1110302967766076
c_IKIZPINAR_MAH. = 0.8889697032233924
x_ADAKOY_MAH. = 1.0
x_IKIZPINAR_MAH. = 1.0

Optimal objective value: 0.000630371548758446
