SAMSUN VEZÝRKÖPRÜ Belediye Meclisi Seçilen Mahalleler

c_ESENTEPE_MAH. = 0.4798719729648817
c_OVACIK_MAH. = 0.5201280270351183
x_ESENTEPE_MAH. = 1.0
x_OVACIK_MAH. = 1.0

Optimal objective value: 0.00040692149907539665
