SAMSUN ATAKUM Belediye Meclisi Seçilen Mahalleler

c_AKALAN_MAH. = 0.0737101827560408
c_INCESU_YALI_MAH. = 0.9262898172439592
x_AKALAN_MAH. = 1.0
x_INCESU_YALI_MAH. = 1.0

Optimal objective value: 0.0012644330470902299
