SÝNOP TÜRKELÝ Belediye Meclisi Seçilen Mahalleler

c_GUZELYURT_MAH. = 0.5835120179748146
c_TUMERKAN_MAH. = 0.41648798202518544
x_GUZELYURT_MAH. = 1.0
x_TUMERKAN_MAH. = 1.0

Optimal objective value: 0.00027660292472697634
