SÝÝRT SÝÝRT MERKEZ Belediye Meclisi Seçilen Mahalleler

c_DUMLUPINAR_MAH. = 0.507523600039544
c_KOOPERATIF_MAH. = 0.492476399960456
x_DUMLUPINAR_MAH. = 1.0
x_KOOPERATIF_MAH. = 1.0

Optimal objective value: 0.00019505589483270747
