SÝVAS GEMEREK - SIZIR Belediye Meclisi Seçilen Mahalleler

c_SIZIR-KOPRUBASI_MAH. = 0.5393337902779907
c_SIZIR-SUBASI_MAH. = 0.4606662097220094
x_SIZIR-KOPRUBASI_MAH. = 1.0
x_SIZIR-SUBASI_MAH. = 1.0

Optimal objective value: 9.231629252104412e-05
