SÝVAS ÞARKIÞLA - GÜRÇAYIR Belediye Meclisi Seçilen Mahalleler

c_GURCAYIR-YENI_MAH. = 0.5294183200644383
c_GURCAYIR-CICEKLI_MAH. = 0.47058167993556166
x_GURCAYIR-YENI_MAH. = 1.0
x_GURCAYIR-CICEKLI_MAH. = 1.0

Optimal objective value: 0.0026897906343262834
