SÝVAS ZARA Belediye Meclisi Seçilen Mahalleler

c_AHMETBASYURT_MAH. = 0.16648384238065972
c_KIZILIRMAK_MAH. = 0.8335161576193403
x_AHMETBASYURT_MAH. = 1.0
x_KIZILIRMAK_MAH. = 1.0

Optimal objective value: 0.0005652971650957905
