SÝVAS GÖLOVA Belediye Meclisi Seçilen Mahalleler

c_A.CAMII_MAH. = 0.27246999600249167
c_FEVZI_CAKMAK_MAH. = 0.7275300039975083
x_A.CAMII_MAH. = 1.0
x_FEVZI_CAKMAK_MAH. = 1.0

Optimal objective value: 0.027455058766072238
