SÝVAS AKINCILAR Belediye Meclisi Seçilen Mahalleler

c_CUMHURIYET_MAH. = 0.45605723129738485
c_GONEN_MAH. = 0.5439427687026152
x_CUMHURIYET_MAH. = 1.0
x_GONEN_MAH. = 1.0

Optimal objective value: 0.0015215988972854255
