SÝVAS ÝMRANLI Belediye Meclisi Seçilen Mahalleler

c_DURCAN_MAH. = 0.051310477527698906
c_KIZILIRMAK_MAH. = 0.9486895224723011
x_DURCAN_MAH. = 1.0
x_KIZILIRMAK_MAH. = 1.0

Optimal objective value: 0.0017714315946831816
