SÝVAS ALTINYAYLA Belediye Meclisi Seçilen Mahalleler

c_AYDIN_MAH. = 0.3058100687511546
c_RIFAT_OCTEN_MAH. = 0.6941899312488454
x_AYDIN_MAH. = 1.0
x_RIFAT_OCTEN_MAH. = 1.0

Optimal objective value: 0.0005507363519738906
