SÝVAS SUÞEHRÝ Belediye Meclisi Seçilen Mahalleler

c_KEMALPASA_MAH. = 0.43171105832889956
c_TASKOPRU_MAH. = 0.5682889416711004
x_KEMALPASA_MAH. = 1.0
x_TASKOPRU_MAH. = 1.0

Optimal objective value: 0.0006957212189371287
