SÝVAS YILDIZELÝ Belediye Meclisi Seçilen Mahalleler

c_KARSIYAKA_MAH. = 0.5269721555116859
c_MEHMETAKIFERSOY_MAH. = 0.47302784448831414
x_KARSIYAKA_MAH. = 1.0
x_MEHMETAKIFERSOY_MAH. = 1.0

Optimal objective value: 0.0007712822248281404
