SÝVAS SÝVAS MERKEZ Belediye Meclisi Seçilen Mahalleler

c_ABDULVAHABIGAZI_MAH. = 0.702255304761458
c_ORTULUPINAR_MAH. = 0.29774469523854197
x_ABDULVAHABIGAZI_MAH. = 1.0
x_ORTULUPINAR_MAH. = 1.0

Optimal objective value: 0.00030672035469736514
