SÝNOP ERFELEK Belediye Meclisi Seçilen Mahalleler

c_KINIK_MAH. = 0.2207835206911054
c_MERKEZ_MAH. = 0.7792164793088946
x_KINIK_MAH. = 1.0
x_MERKEZ_MAH. = 1.0

Optimal objective value: 2.5960886662512728e-05
