SÝVAS ULAÞ Belediye Meclisi Seçilen Mahalleler

c_HURRIYET_MAH. = 0.7910400931207643
c_YENIKARAHISAR_MAH. = 0.20895990687923574
x_HURRIYET_MAH. = 1.0
x_YENIKARAHISAR_MAH. = 1.0

Optimal objective value: 0.012491521329565991
