SÝVAS DOÐANÞAR Belediye Meclisi Seçilen Mahalleler

c_CAY_MAH. = 0.6314288898516026
c_OMERAGA_MAH. = 0.3685711101483974
x_CAY_MAH. = 1.0
x_OMERAGA_MAH. = 1.0

Optimal objective value: 0.011148504218224997
