SÝÝRT PERVARÝ - BEÐENDÝK Belediye Meclisi Seçilen Mahalleler

c_BEGENDIK-GAZI_MAH. = 0.6938363560306106
c_BEGENDIK-KALE_MAH. = 0.30616364396938345
x_BEGENDIK-GAZI_MAH. = 1.0
x_BEGENDIK-KALE_MAH. = 1.0

Optimal objective value: 0.0001264235767304278
