SÝÝRT SÝÝRT MERKEZ - GÖKÇEBAÐ Belediye Meclisi Seçilen Mahalleler

c_GOKCEBAG-BAGLAR_MAH. = 0.46161142339846106
c_GOKCEBAG-YENI_MAH. = 0.5383885766015389
x_GOKCEBAG-BAGLAR_MAH. = 1.0
x_GOKCEBAG-YENI_MAH. = 1.0

Optimal objective value: 0.0006954678577167916
