SÝVAS YILDIZELÝ - GÜNEYKAYA Belediye Meclisi Seçilen Mahalleler

c_GUNEYKAYA-AYDIN_MAH. = 0.49689360508620617
c_GUNEYKAYA-KARGIN_MAH. = 0.5031063949137938
x_GUNEYKAYA-AYDIN_MAH. = 1.0
x_GUNEYKAYA-KARGIN_MAH. = 1.0

Optimal objective value: 0.0007639053965358134
