SÝVAS KOYULHÝSAR Belediye Meclisi Seçilen Mahalleler

c_CAMIIKEBIR_MAH. = 0.527589440982281
c_TUGLADAGI_MAH. = 0.47241055901771895
x_CAMIIKEBIR_MAH. = 1.0
x_TUGLADAGI_MAH. = 1.0

Optimal objective value: 0.0005555173123898971
