SÝVAS ÞARKIÞLA - CEMEL Belediye Meclisi Seçilen Mahalleler

c_CEMEL-BAHCELIEVLER_MAH. = 0.6357230654223134
c_CEMEL-KARSIYAKA_MAH. = 0.3642769345776867
x_CEMEL-BAHCELIEVLER_MAH. = 1.0
x_CEMEL-KARSIYAKA_MAH. = 1.0

Optimal objective value: 0.00041125336758729425
