SÝVAS ÞARKIÞLA Belediye Meclisi Seçilen Mahalleler

c_DAMLACA_MAH. = 0.40456470793240285
c_KALE_MAH. = 0.5954352920675972
x_DAMLACA_MAH. = 1.0
x_KALE_MAH. = 1.0

Optimal objective value: 0.0006202847220448948
