SÝNOP DURAÐAN Belediye Meclisi Seçilen Mahalleler

c_BUZLUK_MAH. = 0.2771339388013955
c_MERKEZ_MAH. = 0.7228660611986045
x_BUZLUK_MAH. = 1.0
x_MERKEZ_MAH. = 1.0

Optimal objective value: 0.0003249280481205652
