TEKÝRDAÐ SÜLEYMANPAÞA Belediye Meclisi Seçilen Mahalleler

c_KARAHISARLI_MAH. = 0.296797487642256
c_SELCUK_MAH. = 0.703202512357744
x_KARAHISARLI_MAH. = 1.0
x_SELCUK_MAH. = 1.0

Optimal objective value: 0.00035684573976901834
