TEKÝRDAÐ ÇORLU Belediye Meclisi Seçilen Mahalleler

c_ALIPASA_MAH. = 0.644412795411584
c_MAKSUTLU_MAH. = 0.355587204588416
x_ALIPASA_MAH. = 1.0
x_MAKSUTLU_MAH. = 1.0

Optimal objective value: 0.0013079422160729992
