TEKÝRDAÐ MARMARAEREÐLÝSÝ Belediye Meclisi Seçilen Mahalleler

c_CEDIT_ALI_PASA_MAH. = 0.685709859902768
c_YENICIFTLIK_MAH. = 0.31429014009723194
x_CEDIT_ALI_PASA_MAH. = 1.0
x_YENICIFTLIK_MAH. = 1.0

Optimal objective value: 0.003300701138528317
