TEKÝRDAÐ KAPAKLI Belediye Meclisi Seçilen Mahalleler

c_CUMHURIYET_MAH. = 0.8189120505121027
c_PINARCA_MAH. = 0.1810879494878973
x_CUMHURIYET_MAH. = 1.0
x_PINARCA_MAH. = 1.0

Optimal objective value: 0.0020094333538009934
