TEKÝRDAÐ SARAY Belediye Meclisi Seçilen Mahalleler

c_BAHCEDERE_MAH. = 0.4807866288278122
c_PAZARCIK_MAH. = 0.5192133711721878
x_BAHCEDERE_MAH. = 1.0
x_PAZARCIK_MAH. = 1.0

Optimal objective value: 0.0006518299377141767
