TEKÝRDAÐ ÞARKÖY Belediye Meclisi Seçilen Mahalleler

c_ASAGIKALAMIS_MAH. = 0.28526799970739225
c_ISHAKLI_MAH. = 0.7147320002926077
x_ASAGIKALAMIS_MAH. = 1.0
x_ISHAKLI_MAH. = 1.0

Optimal objective value: 0.00039036353709087646
