TEKÝRDAÐ MURATLI Belediye Meclisi Seçilen Mahalleler

c_FATIH_MAH. = 0.7019512117157054
c_YURTBEKLER_MAH. = 0.29804878828429454
x_FATIH_MAH. = 1.0
x_YURTBEKLER_MAH. = 1.0

Optimal objective value: 0.001287216197580654
