TEKÝRDAÐ HAYRABOLU Belediye Meclisi Seçilen Mahalleler

c_DELIBEDIR_MAH. = 0.596038783377933
c_SALGAMLI_MAH. = 0.403961216622067
x_DELIBEDIR_MAH. = 1.0
x_SALGAMLI_MAH. = 1.0

Optimal objective value: 0.0008612664459124453
