TEKÝRDAÐ MALKARA Belediye Meclisi Seçilen Mahalleler

c_AHMETPASA_MAH. = 0.6101413055191072
c_EMIRALI_MAH. = 0.3898586944808929
x_AHMETPASA_MAH. = 1.0
x_EMIRALI_MAH. = 1.0

Optimal objective value: 0.0001529610996258146
