TEKÝRDAÐ ÇERKEZKÖY Belediye Meclisi Seçilen Mahalleler

c_BAGLIK_MAH. = 0.07037648189060132
c_FEVZI_PASA_MAH. = 0.9296235181093987
x_BAGLIK_MAH. = 1.0
x_FEVZI_PASA_MAH. = 1.0

Optimal objective value: 0.0026801494966580686
