TOKAT ARTOVA Belediye Meclisi Seçilen Mahalleler

c_KIZILCA_MAH. = 0.5272247547842286
c_ISTASYON_MAH. = 0.47277524521577136
x_KIZILCA_MAH. = 1.0
x_ISTASYON_MAH. = 1.0

Optimal objective value: 0.0003052406387904494
