TOKAT ALMUS - ATAKÖY Belediye Meclisi Seçilen Mahalleler

c_ATAKOY-KATRANLIK_MAH. = 0.5411773091028729
c_ATAKOY-YENI_MAH. = 0.4588226908971272
x_ATAKOY-KATRANLIK_MAH. = 1.0
x_ATAKOY-YENI_MAH. = 1.0

Optimal objective value: 0.0008580419156561936
