TOKAT ERBAA Belediye Meclisi Seçilen Mahalleler

c_AHMET_YESEVI_MAH. = 0.587786796058691
c_YESILYURT_MAH. = 0.412213203941309
x_AHMET_YESEVI_MAH. = 1.0
x_YESILYURT_MAH. = 1.0

Optimal objective value: 0.00033923553455139643
