TOKAT REÞADÝYE - BAYDARLI Belediye Meclisi Seçilen Mahalleler

c_BAYDARLI-MEDRESE_MAH. = 0.14008533239555357
c_BAYDARLI-MERKEZ_MAH. = 0.8599146676044465
x_BAYDARLI-MEDRESE_MAH. = 1.0
x_BAYDARLI-MERKEZ_MAH. = 1.0

Optimal objective value: 0.0020109069099973897
