TOKAT ALMUS - KINIK Belediye Meclisi Seçilen Mahalleler

c_KINIK-GEVREK_MAH. = 0.5446993135787249
c_KINIK-KURTULUS_MAH. = 0.4553006864212751
x_KINIK-GEVREK_MAH. = 1.0
x_KINIK-KURTULUS_MAH. = 1.0

Optimal objective value: 0.010740544892797965
