TOKAT TURHAL - ÞENYURT Belediye Meclisi Seçilen Mahalleler

c_SENYURT-ASARCIK_MAH. = 0.2708291325008717
c_SENYURT-ORTAKOY_MAH. = 0.7291708674991283
x_SENYURT-ASARCIK_MAH. = 1.0
x_SENYURT-ORTAKOY_MAH. = 1.0

Optimal objective value: 0.0001421942926558284
