TOKAT NÝKSAR Belediye Meclisi Seçilen Mahalleler

c_AYDINLIKEVLER_MAH. = 0.3526280280792107
c_KAYAPASA_MAH. = 0.6473719719207893
x_AYDINLIKEVLER_MAH. = 1.0
x_KAYAPASA_MAH. = 1.0

Optimal objective value: 0.0009113578660141508
