TOKAT SULUSARAY Belediye Meclisi Seçilen Mahalleler

c_FATIH_MAH. = 0.07073510895306598
c_GAZIOSMANPASA_MAH. = 0.929264891046934
x_FATIH_MAH. = 1.0
x_GAZIOSMANPASA_MAH. = 1.0

Optimal objective value: 0.022932346617328125
