TOKAT ERBAA - TANOBA Belediye Meclisi Seçilen Mahalleler

c_TANOBA-AKKOC_MAH. = 0.5608952158082533
c_TANOBA-BAHCELIEVLER_MAH. = 0.4391047841917467
x_TANOBA-AKKOC_MAH. = 1.0
x_TANOBA-BAHCELIEVLER_MAH. = 1.0

Optimal objective value: 0.0005301159635973107
