TOKAT ERBAA - KARAYAKA Belediye Meclisi Seçilen Mahalleler

c_KARAYAKA-HURMUZLU_MAH. = 0.5572883120755113
c_KARAYAKA-YUKARI_MAH. = 0.4427116879244887
x_KARAYAKA-HURMUZLU_MAH. = 1.0
x_KARAYAKA-YUKARI_MAH. = 1.0

Optimal objective value: 0.00018846795734051014
