TOKAT REÞADÝYE Belediye Meclisi Seçilen Mahalleler

c_KAYALIK_MAH. = 0.15100116108395545
c_OSMANIYE_MAH. = 0.8489988389160446
x_KAYALIK_MAH. = 1.0
x_OSMANIYE_MAH. = 1.0

Optimal objective value: 0.01940770233989153
