TOKAT YEÞÝLYURT Belediye Meclisi Seçilen Mahalleler

c_GAZIOSMANPASA_MAH. = 0.6040751172943719
c_TURKMENLER_MAH. = 0.39592488270562815
x_GAZIOSMANPASA_MAH. = 1.0
x_TURKMENLER_MAH. = 1.0

Optimal objective value: 0.03199648136232924
