TOKAT TURHAL Belediye Meclisi Seçilen Mahalleler

c_MIMAR_SINAN_MAH. = 0.7661544231993178
c_YESILIRMAK_MAH. = 0.23384557680068213
x_MIMAR_SINAN_MAH. = 1.0
x_YESILIRMAK_MAH. = 1.0

Optimal objective value: 0.0005756159860822452
