TOKAT TOKAT MERKEZ - ÇAT Belediye Meclisi Seçilen Mahalleler

c_CAT-CUMHURIYET_MAH. = 0.46863330481751286
c_CAT-KARSIYAKA_MAH. = 0.5313666951824871
x_CAT-CUMHURIYET_MAH. = 1.0
x_CAT-KARSIYAKA_MAH. = 1.0

Optimal objective value: 0.003189311861501176
