TOKAT TOKAT MERKEZ Belediye Meclisi Seçilen Mahalleler

c_AKDEGIRMEN_MAH. = 0.807525335333385
c_YESILOVA_MAH. = 0.192474664666615
x_AKDEGIRMEN_MAH. = 1.0
x_YESILOVA_MAH. = 1.0

Optimal objective value: 0.0007820293779020604
