TOKAT ZÝLE Belediye Meclisi Seçilen Mahalleler

c_ALACAMESCITZIR_MAH. = 0.4594015735661574
c_ZINCIRLISUFLA_MAH. = 0.5405984264338426
x_ALACAMESCITZIR_MAH. = 1.0
x_ZINCIRLISUFLA_MAH. = 1.0

Optimal objective value: 0.000574694846744217
