TOKAT NÝKSAR - YAZICIK Belediye Meclisi Seçilen Mahalleler

c_YAZICIK-KULTUR_MAH. = 0.6299971883875181
c_YAZICIK-YESILCAM_MAH. = 0.37000281161248194
x_YAZICIK-KULTUR_MAH. = 1.0
x_YAZICIK-YESILCAM_MAH. = 1.0

Optimal objective value: 0.11751168007735369
