TOKAT TOKAT MERKEZ - ÇAMLIBEL Belediye Meclisi Seçilen Mahalleler

c_CAMLIBEL-AKTEPE_MAH. = 0.6109196110876147
c_CAMLIBEL-KARASU_MAH. = 0.3890803889123852
x_CAMLIBEL-AKTEPE_MAH. = 1.0
x_CAMLIBEL-KARASU_MAH. = 1.0

Optimal objective value: 0.00023591611831852433
