TOKAT NÝKSAR - GÖKÇELÝ Belediye Meclisi Seçilen Mahalleler

c_GOKCELI-BALLICA_MAH. = 0.3624730708192253
c_GOKCELI-GOZPINAR_MAH. = 0.6375269291807747
x_GOKCELI-BALLICA_MAH. = 1.0
x_GOKCELI-GOZPINAR_MAH. = 1.0

Optimal objective value: 0.0005768939881876101
