TOKAT PAZAR Belediye Meclisi Seçilen Mahalleler

c_SINANPASA_MAH. = 0.038863860821786
c_TEKKE_MAH. = 0.961136139178214
x_SINANPASA_MAH. = 1.0
x_TEKKE_MAH. = 1.0

Optimal objective value: 0.01699265042310205
