TRABZON DERNEKPAZARI Belediye Meclisi Seçilen Mahalleler

c_AKKOSE_MAH. = 0.3817878987812117
c_CAYIRBASI_MAH. = 0.6182121012187882
x_AKKOSE_MAH. = 1.0
x_CAYIRBASI_MAH. = 1.0

Optimal objective value: 0.002067074056134599
