TRABZON KÖPRÜBAÞI Belediye Meclisi Seçilen Mahalleler

c_BESKOY_MAH. = 0.23681404720186372
c_GUNDOGAN_MAH. = 0.7631859527981363
x_BESKOY_MAH. = 1.0
x_GUNDOGAN_MAH. = 1.0

Optimal objective value: 0.04726577378228969
