TRABZON OF Belediye Meclisi Seçilen Mahalleler

c_GURPINAR_MAH. = 0.9028865395562783
c_SIRAAGAC_MAH. = 0.0971134604437217
x_GURPINAR_MAH. = 1.0
x_SIRAAGAC_MAH. = 1.0

Optimal objective value: 0.0010982286058029977
