TRABZON YOMRA Belediye Meclisi Seçilen Mahalleler

c_YOKUSLU_MAH. = 0.46638460243126967
c_OZDIL_MAH. = 0.5336153975687303
x_YOKUSLU_MAH. = 1.0
x_OZDIL_MAH. = 1.0

Optimal objective value: 0.0006463179893203552
