TRABZON ORTAHÝSAR Belediye Meclisi Seçilen Mahalleler

c_BESTAS_MAH. = 0.4903328299528805
c_YESILBUK_MAH. = 0.5096671700471195
x_BESTAS_MAH. = 1.0
x_YESILBUK_MAH. = 1.0

Optimal objective value: 0.00037157390705466753
