TRABZON ARSÝN Belediye Meclisi Seçilen Mahalleler

c_GUZELYALI_MAH. = 0.5162458690325256
c_UCPINAR_MAH. = 0.4837541309674745
x_GUZELYALI_MAH. = 1.0
x_UCPINAR_MAH. = 1.0

Optimal objective value: 0.00088469834200533
