TRABZON AKÇAABAT Belediye Meclisi Seçilen Mahalleler

c_ACISU_MAH. = 0.24079143556238125
c_MEYDANKAYA_MAH. = 0.7592085644376187
x_ACISU_MAH. = 1.0
x_MEYDANKAYA_MAH. = 1.0

Optimal objective value: 0.0008029465439478578
