TRABZON TONYA Belediye Meclisi Seçilen Mahalleler

c_KALEMLI_MAH. = 0.30199652024910206
c_ISKENDERLI_MAH. = 0.6980034797508979
x_KALEMLI_MAH. = 1.0
x_ISKENDERLI_MAH. = 1.0

Optimal objective value: 0.000915335033145892
