TRABZON ARAKLI Belediye Meclisi Seçilen Mahalleler

c_SULAKYURT_MAH. = 0.5687768768111685
c_YALIBOYU_MAH. = 0.43122312318883155
x_SULAKYURT_MAH. = 1.0
x_YALIBOYU_MAH. = 1.0

Optimal objective value: 0.001955068967713469
