TRABZON BEÞÝKDÜZÜ Belediye Meclisi Seçilen Mahalleler

c_AGACLI_MAH. = 0.5658957543640584
c_KUTLUCA_MAH. = 0.4341042456359416
x_AGACLI_MAH. = 1.0
x_KUTLUCA_MAH. = 1.0

Optimal objective value: 0.0010649088034995202
