TRABZON ÇAYKARA Belediye Meclisi Seçilen Mahalleler

c_EGRIDERE_MAH. = 0.5680687125858234
c_KOKNAR_MAH. = 0.43193128741417663
x_EGRIDERE_MAH. = 1.0
x_KOKNAR_MAH. = 1.0

Optimal objective value: 0.003677583265094375
