TRABZON ÞALPAZARI Belediye Meclisi Seçilen Mahalleler

c_GOLKIRIS_MAH. = 0.3866210848938415
c_PELITCIK_MAH. = 0.6133789151061585
x_GOLKIRIS_MAH. = 1.0
x_PELITCIK_MAH. = 1.0

Optimal objective value: 0.0016448596760261225
