TRABZON SÜRMENE Belediye Meclisi Seçilen Mahalleler

c_USTUNDAL_MAH. = 0.3194287516617599
c_UZUMLU_MAH. = 0.6805712483382401
x_USTUNDAL_MAH. = 1.0
x_UZUMLU_MAH. = 1.0

Optimal objective value: 0.0014780602663149178
