TRABZON HAYRAT Belediye Meclisi Seçilen Mahalleler

c_KURTULUS_MAH. = 0.3274737578308049
c_KOYCEGIZ_MAH. = 0.6725262421691951
x_KURTULUS_MAH. = 1.0
x_KOYCEGIZ_MAH. = 1.0

Optimal objective value: 0.0004554131896816749
