TRABZON ÇARÞIBAÞI Belediye Meclisi Seçilen Mahalleler

c_BUYUKDERE_MAH. = 0.4853863171987085
c_CALLI_MAH. = 0.5146136828012915
x_BUYUKDERE_MAH. = 1.0
x_CALLI_MAH. = 1.0

Optimal objective value: 0.0008730606161811982
