TUNCELÝ OVACIK Belediye Meclisi Seçilen Mahalleler

c_94_MAHALLESI_MAH. = 0.35984593161259126
c_KANDOLAR_MAH. = 0.6401540683874087
x_94_MAHALLESI_MAH. = 1.0
x_KANDOLAR_MAH. = 1.0

Optimal objective value: 0.0010645728053342296
