TUNCELÝ PERTEK Belediye Meclisi Seçilen Mahalleler

c_SOGUKPINAR_MAH. = 0.2996443557981368
c_ISTIKLAL_MAH. = 0.7003556442018632
x_SOGUKPINAR_MAH. = 1.0
x_ISTIKLAL_MAH. = 1.0

Optimal objective value: 0.0008643498744339562
