TUNCELÝ PÜLÜMÜR Belediye Meclisi Seçilen Mahalleler

c_MERKEZ_MAH. = 0.6169243556435846
c_MEYDANLAR_MAH. = 0.38307564435641533
x_MERKEZ_MAH. = 1.0
x_MEYDANLAR_MAH. = 1.0

Optimal objective value: 0.0004087300273399874
