TUNCELÝ MAZGÝRT Belediye Meclisi Seçilen Mahalleler

c_ELTIHATUN_MAH. = 0.23167052257656864
c_YENI_MAH. = 0.7683294774234313
x_ELTIHATUN_MAH. = 1.0
x_YENI_MAH. = 1.0

Optimal objective value: 0.042573638251014345
