TUNCELÝ TUNCELÝ MERKEZ Belediye Meclisi Seçilen Mahalleler

c_ATATURK_MAH. = 0.38780573265091256
c_CUMHURIYET_MAH. = 0.6121942673490874
x_ATATURK_MAH. = 1.0
x_CUMHURIYET_MAH. = 1.0

Optimal objective value: 0.00045068712265561306
