TUNCELÝ ÇEMÝÞGEZEK Belediye Meclisi Seçilen Mahalleler

c_TEPEBASI_MAH. = 0.37636046367941245
c_YENIMAHALLE_MAH. = 0.6236395363205876
x_TEPEBASI_MAH. = 1.0
x_YENIMAHALLE_MAH. = 1.0

Optimal objective value: 0.002550679216855367
