TUNCELÝ HOZAT Belediye Meclisi Seçilen Mahalleler

c_DIYAP_AGA_MAH. = 0.4196901111538399
c_FIKRIPASA_MAH. = 0.5803098888461601
x_DIYAP_AGA_MAH. = 1.0
x_FIKRIPASA_MAH. = 1.0

Optimal objective value: 0.0011105547089053092
