UÞAK SÝVASLI - TATAR Belediye Meclisi Seçilen Mahalleler

c_TATAR-ATATURK_MAH. = 0.4165547153957807
c_TATAR-DEDEBALLAR_MAH. = 0.5834452846042193
x_TATAR-ATATURK_MAH. = 1.0
x_TATAR-DEDEBALLAR_MAH. = 1.0

Optimal objective value: 0.0007421601711110615
