UÞAK ULUBEY Belediye Meclisi Seçilen Mahalleler

c_GOLBASI_MAH. = 0.8104780375472039
c_UYUKBASI_MAH. = 0.18952196245279607
x_GOLBASI_MAH. = 1.0
x_UYUKBASI_MAH. = 1.0

Optimal objective value: 0.0010505847559508785
