UÞAK SÝVASLI Belediye Meclisi Seçilen Mahalleler

c_GOLBAHCE_MAH. = 0.537712975198672
c_KONAK_MAH. = 0.462287024801328
x_GOLBAHCE_MAH. = 1.0
x_KONAK_MAH. = 1.0

Optimal objective value: 0.0003274428470937396
