UÞAK BANAZ Belediye Meclisi Seçilen Mahalleler

c_31_AGUSTOS_MAH. = 0.8341255247317776
c_ISLAM_MAH. = 0.16587447526822288
x_31_AGUSTOS_MAH. = 1.0
x_ISLAM_MAH. = 1.0

Optimal objective value: 0.0009735003589702584
