UÞAK UÞAK MERKEZ Belediye Meclisi Seçilen Mahalleler

c_AYBEY_MAH. = 0.271505270646646
c_FATIH_MAH. = 0.728494729353354
x_AYBEY_MAH. = 1.0
x_FATIH_MAH. = 1.0

Optimal objective value: 0.0005609465909253153
