UÞAK EÞME - YELEÐEN Belediye Meclisi Seçilen Mahalleler

c_YELEGEN-HURRIYET_MAH. = 0.5536106914556249
c_YELEGEN-ISTIKLAL_MAH. = 0.44638930854437503
x_YELEGEN-HURRIYET_MAH. = 1.0
x_YELEGEN-ISTIKLAL_MAH. = 1.0

Optimal objective value: 0.0003205671232417995
