VAN ERCÝÞ Belediye Meclisi Seçilen Mahalleler

c_NISANCI_MAH. = 0.5881667817782024
c_SABANBUKEN_MAH. = 0.4118332182217976
x_NISANCI_MAH. = 1.0
x_SABANBUKEN_MAH. = 1.0

Optimal objective value: 0.0005814095363372296
