VAN GÜRPINAR Belediye Meclisi Seçilen Mahalleler

c_AKBULUT_MAH. = 0.42491122324783326
c_ORMELI_MAH. = 0.5750887767521667
x_AKBULUT_MAH. = 1.0
x_ORMELI_MAH. = 1.0

Optimal objective value: 0.0008443777386010209
