VAN MURADÝYE Belediye Meclisi Seçilen Mahalleler

c_OTLAKBASI_MAH. = 0.19585323867551307
c_YAKINCAK_MAH. = 0.8041467613244869
x_OTLAKBASI_MAH. = 1.0
x_YAKINCAK_MAH. = 1.0

Optimal objective value: 0.0005295660112952794
