VAN ÝPEKYOLU Belediye Meclisi Seçilen Mahalleler

c_KARAKOC_MAH. = 0.6442644443140774
c_SEYIT_FEHIM_ARVASI_MAH. = 0.35573555568592263
x_KARAKOC_MAH. = 1.0
x_SEYIT_FEHIM_ARVASI_MAH. = 1.0

Optimal objective value: 0.0005663166931459962
