VAN EDREMÝT Belediye Meclisi Seçilen Mahalleler

c_ESENTEPE_MAH. = 0.37340643294698017
c_YENI_MAH. = 0.6265935670530198
x_ESENTEPE_MAH. = 1.0
x_YENI_MAH. = 1.0

Optimal objective value: 0.0005945791668953149
