VAN ÖZALP Belediye Meclisi Seçilen Mahalleler

c_TEPEDAM_MAH. = 0.26568800655078806
c_YUKARICAVDARLIK_MAH. = 0.7343119934492119
x_TEPEDAM_MAH. = 1.0
x_YUKARICAVDARLIK_MAH. = 1.0

Optimal objective value: 0.00029303511669587223
