VAN TUÞBA Belediye Meclisi Seçilen Mahalleler

c_ABDURRAHMAN_GAZI_MAH. = 0.7393237456795595
c_AKCIFT_MAH. = 0.2606762543204405
x_ABDURRAHMAN_GAZI_MAH. = 1.0
x_AKCIFT_MAH. = 1.0

Optimal objective value: 0.0005678492547134262
