VAN ÇALDIRAN Belediye Meclisi Seçilen Mahalleler

c_SARICIMEN_MAH. = 0.5206274706481078
c_YUKARICANAK_MAH. = 0.4793725293518922
x_SARICIMEN_MAH. = 1.0
x_YUKARICANAK_MAH. = 1.0

Optimal objective value: 0.000978340644677278
