VAN BAHÇESARAY Belediye Meclisi Seçilen Mahalleler

c_AKYAYLA_MAH. = 0.43497931700754466
c_KASIKCILAR_MAH. = 0.5650206829924553
x_AKYAYLA_MAH. = 1.0
x_KASIKCILAR_MAH. = 1.0

Optimal objective value: 0.0006221339198761999
