YALOVA ARMUTLU Belediye Meclisi Seçilen Mahalleler

c_BAYIR_MAH. = 0.5574539806778853
c_KARSIYAKA_MAH. = 0.4425460193221147
x_BAYIR_MAH. = 1.0
x_KARSIYAKA_MAH. = 1.0

Optimal objective value: 0.0003915783452754784
