YALOVA ALTINOVA Belediye Meclisi Seçilen Mahalleler

c_CUMHURIYET_MAH. = 0.46602121783919837
c_HURRIYET_MAH. = 0.5339787821608016
x_CUMHURIYET_MAH. = 1.0
x_HURRIYET_MAH. = 1.0

Optimal objective value: 0.0023791165104387613
