YALOVA ÇINARCIK Belediye Meclisi Seçilen Mahalleler

c_TASLIMAN_MAH. = 0.4075604517095106
c_CAMLIK_MAH. = 0.5924395482904894
x_TASLIMAN_MAH. = 1.0
x_CAMLIK_MAH. = 1.0

Optimal objective value: 0.0008927812819073955
