YALOVA TERMAL Belediye Meclisi Seçilen Mahalleler

c_GOKCEDERE_MAH. = 0.6224063015268146
c_UVEZPINAR_MAH. = 0.37759369847318575
x_GOKCEDERE_MAH. = 1.0
x_UVEZPINAR_MAH. = 1.0

Optimal objective value: 2.8365134123631286e-05
