YALOVA ALTINOVA - SUBAÞI Belediye Meclisi Seçilen Mahalleler

c_SUBASI-DENIZGOREN_MAH. = 0.7553530099078134
c_SUBASI-MERKEZ_MAH. = 0.2446469900921866
x_SUBASI-DENIZGOREN_MAH. = 1.0
x_SUBASI-MERKEZ_MAH. = 1.0

Optimal objective value: 0.0010824798973815275
