YALOVA ÇINARCIK - KORU Belediye Meclisi Seçilen Mahalleler

c_KORU-CUMHURIYET_MAH. = 0.6826106755558004
c_KORU-HURRIYET_MAH. = 0.31738932444419965
x_KORU-CUMHURIYET_MAH. = 1.0
x_KORU-HURRIYET_MAH. = 1.0

Optimal objective value: 0.0012140094615105124
