YALOVA YALOVA MERKEZ - KADIKÖY Belediye Meclisi Seçilen Mahalleler

c_KADIKOY-MERKEZ_MAH. = 0.6676743574956852
c_KADIKOY-OZDEN_MAH. = 0.3323256425043044
x_KADIKOY-MERKEZ_MAH. = 1.0
x_KADIKOY-OZDEN_MAH. = 1.0

Optimal objective value: 0.0006289981558138535
