YALOVA YALOVA MERKEZ Belediye Meclisi Seçilen Mahalleler

c_BAGLARBASI_MAH. = 0.267962784499981
c_PASAKENT_MAH. = 0.732037215500019
x_BAGLARBASI_MAH. = 1.0
x_PASAKENT_MAH. = 1.0

Optimal objective value: 0.004015985812276912
