YOZGAT BOÐAZLIYAN Belediye Meclisi Seçilen Mahalleler

c_ASAGI_KARAKOC_MAH. = 0.07440173842492628
c_BAGLARBASI_MAH. = 0.9255982615750737
x_ASAGI_KARAKOC_MAH. = 1.0
x_BAGLARBASI_MAH. = 1.0

Optimal objective value: 0.000207946557017058
