YOZGAT SORGUN - BAHADIN Belediye Meclisi Seçilen Mahalleler

c_BAHADIN-AYDINLAR_MAH. = 0.5113265538117733
c_BAHADIN-SALUR_MAH. = 0.48867344618822667
x_BAHADIN-AYDINLAR_MAH. = 1.0
x_BAHADIN-SALUR_MAH. = 1.0

Optimal objective value: 0.15153833937444228
