YOZGAT SARAYKENT Belediye Meclisi Seçilen Mahalleler

c_FATIH_SULTAN_MEHMET_MAH. = 0.3233253247104825
c_M.FEVZI_CAKMAK_MAH. = 0.6766746752895175
x_FATIH_SULTAN_MEHMET_MAH. = 1.0
x_M.FEVZI_CAKMAK_MAH. = 1.0

Optimal objective value: 0.0014863174193511242
