YOZGAT YOZGAT MERKEZ Belediye Meclisi Seçilen Mahalleler

c_AGAHEFENDI_MAH. = 0.22314227485522264
c_TASKOPRU_MAH. = 0.7768577251447774
x_AGAHEFENDI_MAH. = 1.0
x_TASKOPRU_MAH. = 1.0

Optimal objective value: 0.0006140601898949605
