YOZGAT SARIKAYA Belediye Meclisi Seçilen Mahalleler

c_BAHCELIEVLER_MAH. = 0.03900820941713479
c_OSMAN_GAZI_MAH. = 0.9609917905828652
x_BAHCELIEVLER_MAH. = 1.0
x_OSMAN_GAZI_MAH. = 1.0

Optimal objective value: 0.0007196284831005872
