YOZGAT BOÐAZLIYAN - UZUNLU Belediye Meclisi Seçilen Mahalleler

c_UZUNLU-KOC_MAH. = 0.6676317247851841
c_UZUNLU-YENIDOGAN_MAH. = 0.33236827521481593
x_UZUNLU-KOC_MAH. = 1.0
x_UZUNLU-YENIDOGAN_MAH. = 1.0

Optimal objective value: 3.404883324686914e-05
