YOZGAT KADIÞEHRÝ Belediye Meclisi Seçilen Mahalleler

c_LUTFULLAH_KAYALAR_MAH. = 0.21798499785376413
c_CAYPINAR_MAH. = 0.7820150021462359
x_LUTFULLAH_KAYALAR_MAH. = 1.0
x_CAYPINAR_MAH. = 1.0

Optimal objective value: 0.00046163001120502756
