YOZGAT SARAYKENT - OZAN Belediye Meclisi Seçilen Mahalleler

c_OZAN-CUMHURIYET_MAH. = 0.5046069575317582
c_OZAN-MERKEZ_MAH. = 0.49539304246824195
x_OZAN-CUMHURIYET_MAH. = 1.0
x_OZAN-MERKEZ_MAH. = 1.0

Optimal objective value: 1.446880498334746e-05
