YOZGAT YENÝFAKILI Belediye Meclisi Seçilen Mahalleler

c_ALTINDAG_MAH. = 0.033750938959932184
c_CANKURTARAN_MAH. = 0.9662490610400678
x_ALTINDAG_MAH. = 1.0
x_CANKURTARAN_MAH. = 1.0

Optimal objective value: 0.0009347482779318295
