YOZGAT ÇAYIRALAN Belediye Meclisi Seçilen Mahalleler

c_FATIH_MAH. = 0.195288425522522
c_YENI_MAH. = 0.804711574477478
x_FATIH_MAH. = 1.0
x_YENI_MAH. = 1.0

Optimal objective value: 0.00019892979100533115
