YOZGAT ÇANDIR Belediye Meclisi Seçilen Mahalleler

c_BAHCELIEVLER_MAH. = 0.40285272395896043
c_YENIMEYDAN_MAH. = 0.5971472760410396
x_BAHCELIEVLER_MAH. = 1.0
x_YENIMEYDAN_MAH. = 1.0

Optimal objective value: 0.0013800685373541732
