YOZGAT SORGUN - ARAPLI Belediye Meclisi Seçilen Mahalleler

c_ARAPLI-GUZEL_YURT_MAH. = 0.8297848251818686
c_ARAPLI-YAYCILAR_MAH. = 0.17021517481813142
x_ARAPLI-GUZEL_YURT_MAH. = 1.0
x_ARAPLI-YAYCILAR_MAH. = 1.0

Optimal objective value: 0.0006138470021115339
