YOZGAT ÇEKEREK Belediye Meclisi Seçilen Mahalleler

c_BAGLARBASI_MAH. = 0.8366064509911664
c_SEYIT_AHMET_MAH. = 0.16339354900883368
x_BAGLARBASI_MAH. = 1.0
x_SEYIT_AHMET_MAH. = 1.0

Optimal objective value: 0.0007519576920246296
