YOZGAT AKDAÐMADENÝ - UMUTLU Belediye Meclisi Seçilen Mahalleler

c_UMUTLU-KALE_MAH. = 0.5739090786662446
c_UMUTLU-UMUT_MAH. = 0.42609092133375537
x_UMUTLU-KALE_MAH. = 1.0
x_UMUTLU-UMUT_MAH. = 1.0

Optimal objective value: 0.007937701957529852
