YOZGAT SORGUN - EYMÝR Belediye Meclisi Seçilen Mahalleler

c_EYMIR-AKOCAK_MAH. = 0.016321104240018758
c_EYMIR-KARSIYAKA_MAH. = 0.9836788957599812
x_EYMIR-AKOCAK_MAH. = 1.0
x_EYMIR-KARSIYAKA_MAH. = 1.0

Optimal objective value: 0.00046933481957822654
