YOZGAT BOÐAZLIYAN - YAMAÇLI Belediye Meclisi Seçilen Mahalleler

c_YAMACLI-YESIL_MAH. = 0.5374994346775777
c_YAMACLI-ZAFER_MAH. = 0.46250056532242234
x_YAMACLI-YESIL_MAH. = 1.0
x_YAMACLI-ZAFER_MAH. = 1.0

Optimal objective value: 0.003254860503364765
