YOZGAT SORGUN Belediye Meclisi Seçilen Mahalleler

c_AGAHEFENDI_MAH. = 0.4570665885383791
c_KARSIYAKA_MAH. = 0.5429334114616209
x_AGAHEFENDI_MAH. = 1.0
x_KARSIYAKA_MAH. = 1.0

Optimal objective value: 0.00047119724763233783
