YOZGAT AYDINCIK Belediye Meclisi Seçilen Mahalleler

c_BASTURK_MAH. = 0.8573796673588663
c_YENICE_MAH. = 0.14262033264113372
x_BASTURK_MAH. = 1.0
x_YENICE_MAH. = 1.0

Optimal objective value: 0.0007369614879109143
