ZONGULDAK EREÐLÝ - GÜLÜÇ Belediye Meclisi Seçilen Mahalleler

c_GULUC-BEKYERI_MAH. = 0.5316252400880783
c_GULUC-ORENCIK_MAH. = 0.4683747599119217
x_GULUC-BEKYERI_MAH. = 1.0
x_GULUC-ORENCIK_MAH. = 1.0

Optimal objective value: 0.0010174938054505756
