ZONGULDAK KOZLU Belediye Meclisi Seçilen Mahalleler

c_19_MAYIS_MAH. = 0.5528011143570224
c_FATIH_MAH. = 0.4471988856429776
x_19_MAYIS_MAH. = 1.0
x_FATIH_MAH. = 1.0

Optimal objective value: 0.0012504217249109661
