ZONGULDAK ÇAYCUMA - FÝLYOS Belediye Meclisi Seçilen Mahalleler

c_FILYOS-SEFERCIK_MAH. = 0.06313796692577513
c_FILYOS-OTEYUZ_MAH. = 0.9368620330742249
x_FILYOS-SEFERCIK_MAH. = 1.0
x_FILYOS-OTEYUZ_MAH. = 1.0

Optimal objective value: 0.00045889508698826464
