ZONGULDAK ZONGULDAK MERKEZ Belediye Meclisi Seçilen Mahalleler

c_ASMA_MAH. = 0.4856471247073979
c_YENI_MAH. = 0.5143528752926021
x_ASMA_MAH. = 1.0
x_YENI_MAH. = 1.0

Optimal objective value: 0.0009135779424825907
