ZONGULDAK GÖKÇEBEY Belediye Meclisi Seçilen Mahalleler

c_UCBURGU_MAH. = 0.27718285741559623
c_ISTASYON_MAH. = 0.7228171425844038
x_UCBURGU_MAH. = 1.0
x_ISTASYON_MAH. = 1.0

Optimal objective value: 0.00104943090799825
