ZONGULDAK KÝLÝMLÝ Belediye Meclisi Seçilen Mahalleler

c_BELEDIYE_SITESI_MAH. = 0.5955149885425692
c_HISAR_ARKASI_MAH. = 0.4044850114574307
x_BELEDIYE_SITESI_MAH. = 1.0
x_HISAR_ARKASI_MAH. = 1.0

Optimal objective value: 0.000983722257251629
