ZONGULDAK ALAPLI - GÜMELÝ Belediye Meclisi Seçilen Mahalleler

c_GUMELI-KALE_MAH. = 0.27079669154851926
c_GUMELI-MERKEZ_MAH. = 0.7292033084514807
x_GUMELI-KALE_MAH. = 1.0
x_GUMELI-MERKEZ_MAH. = 1.0

Optimal objective value: 0.02899182678136758
