ZONGULDAK EREÐLÝ Belediye Meclisi Seçilen Mahalleler

c_AKARCA_MAH. = 0.1901789462332234
c_OMERLI_MAH. = 0.8098210537667766
x_AKARCA_MAH. = 1.0
x_OMERLI_MAH. = 1.0

Optimal objective value: 0.0002830920852555652
