ZONGULDAK ALAPLI Belediye Meclisi Seçilen Mahalleler

c_YENI_SITELER_MAH. = 0.6884884917904872
c_YENIMAHALLE_MAH. = 0.3115115082095128
x_YENI_SITELER_MAH. = 1.0
x_YENIMAHALLE_MAH. = 1.0

Optimal objective value: 0.0006868922819532886
