ZONGULDAK KÝLÝMLÝ - MUSLU Belediye Meclisi Seçilen Mahalleler

c_MUSLU-CUMHURIYET_MAH. = 0.31619394727552363
c_MUSLU-MERKEZ_MAH. = 0.6838060527244764
x_MUSLU-CUMHURIYET_MAH. = 1.0
x_MUSLU-MERKEZ_MAH. = 1.0

Optimal objective value: 0.0007338526444865545
