ÇANAKKALE BÝGA - KARABÝGA Belediye Meclisi Seçilen Mahalleler

c_KARABIGA-YALI_MAH. = 0.5577779986408073
c_KARABIGA-ZEYTINLIK_MAH. = 0.44222200135919265
x_KARABIGA-YALI_MAH. = 1.0
x_KARABIGA-ZEYTINLIK_MAH. = 1.0

Optimal objective value: 0.00014658862345395818
