ÇANKIRI KIZILIRMAK Belediye Meclisi Seçilen Mahalleler

c_OSMANLI_MAH. = 0.4348250689024955
c_YENI_MAH. = 0.5651749310975045
x_OSMANLI_MAH. = 1.0
x_YENI_MAH. = 1.0

Optimal objective value: 0.0003506369442266566
