ÇANKIRI KURÞUNLU Belediye Meclisi Seçilen Mahalleler

c_BESPINAR_MAH. = 0.1788618867532472
c_MUSLUM_MAH. = 0.8211381132467528
x_BESPINAR_MAH. = 1.0
x_MUSLUM_MAH. = 1.0

Optimal objective value: 0.0002045950630511495
