ÇANKIRI KORGUN Belediye Meclisi Seçilen Mahalleler

c_DOGU_MAH. = 0.3863974227658027
c_ULUDAG_MAH. = 0.6136025772341973
x_DOGU_MAH. = 1.0
x_ULUDAG_MAH. = 1.0

Optimal objective value: 0.00013682595366226735
