ÇANAKKALE ECEABAT Belediye Meclisi Seçilen Mahalleler

c_KEMALPASA_MAH. = 0.4241419882760369
c_ISMETPASA_MAH. = 0.575858011723963
x_KEMALPASA_MAH. = 1.0
x_ISMETPASA_MAH. = 1.0

Optimal objective value: 2.6718967627625823e-05
