ÇANAKKALE BOZCAADA Belediye Meclisi Seçilen Mahalleler

c_ALAYBEY_MAH. = 0.41455462358235146
c_CUMHURIYET_MAH. = 0.5854453764176486
x_ALAYBEY_MAH. = 1.0
x_CUMHURIYET_MAH. = 1.0

Optimal objective value: 8.941569954135087e-05
