ÇANAKKALE BÝGA Belediye Meclisi Seçilen Mahalleler

c_CUMHURIYET_MAH. = 0.965614890747724
c_GAZIKEMAL_MAH. = 0.034385109252276
x_CUMHURIYET_MAH. = 1.0
x_GAZIKEMAL_MAH. = 1.0

Optimal objective value: 0.0010548932316956083
