ÇANAKKALE LAPSEKÝ Belediye Meclisi Seçilen Mahalleler

c_CUMHURIYET_MAH. = 0.9125022845787741
c_DALYAN_MAH. = 0.0874977154212259
x_CUMHURIYET_MAH. = 1.0
x_DALYAN_MAH. = 1.0

Optimal objective value: 0.0007312734742642713
