ÇANAKKALE GÖKÇEADA Belediye Meclisi Seçilen Mahalleler

c_CUMHURIYET_MAH. = 0.6899551192025993
c_FATIH_MAH. = 0.31004488079740067
x_CUMHURIYET_MAH. = 1.0
x_FATIH_MAH. = 1.0

Optimal objective value: 0.0008740087040902678
