ÇANKIRI ORTA Belediye Meclisi Seçilen Mahalleler

c_KANLICA_MAH. = 0.3601677857684731
c_SULTAN_BEYAZIT_MAH. = 0.6398322142315269
x_KANLICA_MAH. = 1.0
x_SULTAN_BEYAZIT_MAH. = 1.0

Optimal objective value: 0.008249281568344813
