ÇANAKKALE GELÝBOLU Belediye Meclisi Seçilen Mahalleler

c_ALAEDDIN_MAH. = 0.5296288845199264
c_YAZICIZADE_MAH. = 0.4703711154800736
x_ALAEDDIN_MAH. = 1.0
x_YAZICIZADE_MAH. = 1.0

Optimal objective value: 0.0009118211922959363
