ÇANKIRI ELDÝVAN Belediye Meclisi Seçilen Mahalleler

c_BAHCELIEVLER_MAH. = 0.8929543399172685
c_BEYDERE_MAH. = 0.10704566008273153
x_BAHCELIEVLER_MAH. = 1.0
x_BEYDERE_MAH. = 1.0

Optimal objective value: 0.0001728491813532962
