ÇANAKKALE AYVACIK Belediye Meclisi Seçilen Mahalleler

c_HAMDIBEY_MAH. = 0.7264062906991755
c_UMMUHAN_MAH. = 0.27359370930082455
x_HAMDIBEY_MAH. = 1.0
x_UMMUHAN_MAH. = 1.0

Optimal objective value: 0.00017950768112373616
