ÇANKIRI ÇERKEÞ Belediye Meclisi Seçilen Mahalleler

c_ULUSU_MAH. = 0.27040898270424873
c_YENI_KENT_MAH. = 0.7295910172957513
x_ULUSU_MAH. = 1.0
x_YENI_KENT_MAH. = 1.0

Optimal objective value: 0.0006984297946689422
