ÇANAKKALE ÇANAKKALE MERKEZ Belediye Meclisi Seçilen Mahalleler

c_BARBAROS_MAH. = 0.6742093036270096
c_CEVAT_PASA_MAH. = 0.3257906963729904
x_BARBAROS_MAH. = 1.0
x_CEVAT_PASA_MAH. = 1.0

Optimal objective value: 0.0005507360084303636
