ÇANAKKALE YENÝCE Belediye Meclisi Seçilen Mahalleler

c_KURTULUS_MAH. = 0.23978203840368892
c_YENI_MAH. = 0.760217961596311
x_KURTULUS_MAH. = 1.0
x_YENI_MAH. = 1.0

Optimal objective value: 0.000986833914970675
