ÇANAKKALE BAYRAMÝÇ Belediye Meclisi Seçilen Mahalleler

c_MENDERES_MAH. = 0.03697874184940464
c_TEPECIK_MAH. = 0.9630212581505954
x_MENDERES_MAH. = 1.0
x_TEPECIK_MAH. = 1.0

Optimal objective value: 0.000214910079717745
