ÇANAKKALE EZÝNE Belediye Meclisi Seçilen Mahalleler

c_CAMIKEBIR_MAH. = 0.7068850294379423
c_CUMHURIYET_MAH. = 0.29311497056205776
x_CAMIKEBIR_MAH. = 1.0
x_CUMHURIYET_MAH. = 1.0

Optimal objective value: 0.00030777681810134627
