ÇANAKKALE GELÝBOLU - EVREÞE Belediye Meclisi Seçilen Mahalleler

c_EVRESE-YENI_MAH. = 0.487807043085423
c_EVRESE-CESME_MAH. = 0.512192956914577
x_EVRESE-YENI_MAH. = 1.0
x_EVRESE-CESME_MAH. = 1.0

Optimal objective value: 2.1839758650110674e-05
