ÇANKIRI BAYRAMÖREN Belediye Meclisi Seçilen Mahalleler

c_MERKEZ_MAH. = 0.7545068301290018
c_ZUBEYDE_HANIM_MAH. = 0.24549316987099823
x_MERKEZ_MAH. = 1.0
x_ZUBEYDE_HANIM_MAH. = 1.0

Optimal objective value: 5.779679051010067e-05
