ÇANKIRI ÇANKIRI MERKEZ Belediye Meclisi Seçilen Mahalleler

c_ABDULHALIK_RENDA_MAH. = 0.12308349165986598
c_YENI_MAH. = 0.876916508340134
x_ABDULHALIK_RENDA_MAH. = 1.0
x_YENI_MAH. = 1.0

Optimal objective value: 0.0007703311563277415
