ÇANKIRI ÞABANÖZÜ Belediye Meclisi Seçilen Mahalleler

c_GURPINAR_MAH. = 0.3016284751755762
c_MAHMUDIYE_MAH. = 0.6983715248244238
x_GURPINAR_MAH. = 1.0
x_MAHMUDIYE_MAH. = 1.0

Optimal objective value: 0.0003386530773040741
