ÇORUM ÇORUM MERKEZ - DÜVENCÝ Belediye Meclisi Seçilen Mahalleler

c_DUVENCI-ATAKOY_MAH. = 0.4245825807143996
c_DUVENCI-KULTAK_MAH. = 0.5754174192856004
x_DUVENCI-ATAKOY_MAH. = 1.0
x_DUVENCI-KULTAK_MAH. = 1.0

Optimal objective value: 0.011506563771301881
