ÇORUM KARGI Belediye Meclisi Seçilen Mahalleler

c_BAHCELIEVLER_MAH. = 0.6516183272622686
c_FATIH_MAH. = 0.34838167273773135
x_BAHCELIEVLER_MAH. = 1.0
x_FATIH_MAH. = 1.0

Optimal objective value: 0.00011103344382212832
