ÇORUM OÐUZLAR Belediye Meclisi Seçilen Mahalleler

c_ASARCAY_MAH. = 0.208837789401371
c_BIRTATLI_MAH. = 0.791162210598629
x_ASARCAY_MAH. = 1.0
x_BIRTATLI_MAH. = 1.0

Optimal objective value: 0.0008981883943858238
