ÇORUM SUNGURLU Belediye Meclisi Seçilen Mahalleler

c_YENIDOGAN_MAH. = 0.23610101659907826
c_ORNEKEVLER_MAH. = 0.7638989834009218
x_YENIDOGAN_MAH. = 1.0
x_ORNEKEVLER_MAH. = 1.0

Optimal objective value: 0.0007331652985089754
