ÇORUM ORTAKÖY Belediye Meclisi Seçilen Mahalleler

c_BAHCELIEVLER_MAH. = 0.3729965600604588
c_CUMHURIYET_MAH. = 0.6270034399395412
x_BAHCELIEVLER_MAH. = 1.0
x_CUMHURIYET_MAH. = 1.0

Optimal objective value: 0.0012557946396437591
