ÇORUM MECÝTÖZÜ Belediye Meclisi Seçilen Mahalleler

c_BAHCELIEVLER_MAH. = 0.5533604381612888
c_DOGU_MAH. = 0.44663956183871123
x_BAHCELIEVLER_MAH. = 1.0
x_DOGU_MAH. = 1.0

Optimal objective value: 0.0007392972486685023
