ÇORUM UÐURLUDAÐ Belediye Meclisi Seçilen Mahalleler

c_KARSIYAKA_MAH. = 0.8864798162359606
c_TUTPINAR_MAH. = 0.11352018376403938
x_KARSIYAKA_MAH. = 1.0
x_TUTPINAR_MAH. = 1.0

Optimal objective value: 0.0009958279026767158
