ÇORUM BOÐAZKALE Belediye Meclisi Seçilen Mahalleler

c_HATTUSAS_MAH. = 0.6131149333412775
c_HISAR_MAH. = 0.3868850666587224
x_HATTUSAS_MAH. = 1.0
x_HISAR_MAH. = 1.0

Optimal objective value: 0.00020417371386505234
