ÇORUM BAYAT Belediye Meclisi Seçilen Mahalleler

c_YATUKCU_MAH. = 0.4887636900180975
c_YENI_MAH. = 0.5112363099819025
x_YATUKCU_MAH. = 1.0
x_YENI_MAH. = 1.0

Optimal objective value: 0.0011263474409344276
