ÇORUM ÇORUM MERKEZ Belediye Meclisi Seçilen Mahalleler

c_BAHCELIEVLER_MAH. = 0.32662549266941854
c_ULUKAVAK_MAH. = 0.6733745073305815
x_BAHCELIEVLER_MAH. = 1.0
x_ULUKAVAK_MAH. = 1.0

Optimal objective value: 0.0004103280439872181
