ÇORUM OSMANCIK Belediye Meclisi Seçilen Mahalleler

c_ESENTEPE_MAH. = 0.4732136337484577
c_YAZI_MAH. = 0.5267863662515423
x_ESENTEPE_MAH. = 1.0
x_YAZI_MAH. = 1.0

Optimal objective value: 0.00032769743733418455
