ÇORUM LAÇÝN Belediye Meclisi Seçilen Mahalleler

c_BAHCELIEVLER_MAH. = 0.4415895276312193
c_FATIH_MAH. = 0.5584104723687807
x_BAHCELIEVLER_MAH. = 1.0
x_FATIH_MAH. = 1.0

Optimal objective value: 0.0013612632021524629
