ÇORUM ÝSKÝLÝP Belediye Meclisi Seçilen Mahalleler

c_KALEBOGAZI_MAH. = 0.5135196023493526
c_MEYDAN_MAH. = 0.48648039765064743
x_KALEBOGAZI_MAH. = 1.0
x_MEYDAN_MAH. = 1.0

Optimal objective value: 0.0006131617314325544
