ÞANLIURFA HÝLVAN Belediye Meclisi Seçilen Mahalleler

c_ASAGICATAK_MAH. = 0.4514887006059626
c_CIMDELI_MAH. = 0.5485112993940374
x_ASAGICATAK_MAH. = 1.0
x_CIMDELI_MAH. = 1.0

Optimal objective value: 0.0030203666738853885
