ÞANLIURFA EYYÜBÝYE Belediye Meclisi Seçilen Mahalleler

c_EYYUP_NEBI_MAH. = 0.8307709234422473
c_YUKARICAYKUYU_MAH. = 0.1692290765577527
x_EYYUP_NEBI_MAH. = 1.0
x_YUKARICAYKUYU_MAH. = 1.0

Optimal objective value: 0.0009799915051424968
