ÞANLIURFA VÝRANÞEHÝR Belediye Meclisi Seçilen Mahalleler

c_DINCKOK_MAH. = 0.6282829703696806
c_OVUNCUK_MAH. = 0.37171702963031944
x_DINCKOK_MAH. = 1.0
x_OVUNCUK_MAH. = 1.0

Optimal objective value: 0.00036213800672291185
