ÞANLIURFA BÝRECÝK Belediye Meclisi Seçilen Mahalleler

c_ALTINOVA_MAH. = 0.18499390193056317
c_YUKARIINCIRLI_MAH. = 0.8150060980694368
x_ALTINOVA_MAH. = 1.0
x_YUKARIINCIRLI_MAH. = 1.0

Optimal objective value: 0.0006870598747044099
