ÞANLIURFA HALÝLÝYE Belediye Meclisi Seçilen Mahalleler

c_AKPINAR_MAH. = 0.12167807991121737
c_SEHITLIK_MAH. = 0.8783219200887826
x_AKPINAR_MAH. = 1.0
x_SEHITLIK_MAH. = 1.0

Optimal objective value: 0.0008898855982097942
