ÞANLIURFA SURUÇ Belediye Meclisi Seçilen Mahalleler

c_BILGE_MAH. = 0.6679955824975157
c_ZEYREK_MAH. = 0.33200441750248433
x_BILGE_MAH. = 1.0
x_ZEYREK_MAH. = 1.0

Optimal objective value: 0.0005031887566170345
