ÞANLIURFA KARAKÖPRÜ Belediye Meclisi Seçilen Mahalleler

c_ALI_BABA_MAH. = 0.9015621634338894
c_KUSLUCA_MAH. = 0.09843783656611062
x_ALI_BABA_MAH. = 1.0
x_KUSLUCA_MAH. = 1.0

Optimal objective value: 0.00117013959996759
