ÞANLIURFA HARRAN Belediye Meclisi Seçilen Mahalleler

c_ASLANKUYUSU_MAH. = 0.33023612407748604
c_CEYLANGOZU_MAH. = 0.669763875922514
x_ASLANKUYUSU_MAH. = 1.0
x_CEYLANGOZU_MAH. = 1.0

Optimal objective value: 0.0009938298550805635
