ÞANLIURFA CEYLANPINAR Belediye Meclisi Seçilen Mahalleler

c_AKBULUT_MAH. = 0.4078754965995256
c_AVCILI_MAH. = 0.5921245034004744
x_AKBULUT_MAH. = 1.0
x_AVCILI_MAH. = 1.0

Optimal objective value: 0.001199278853954655
