ÞANLIURFA HALFETÝ Belediye Meclisi Seçilen Mahalleler

c_DUTLUCA_MAH. = 0.6872948164070378
c_SUTVEREN_MAH. = 0.3127051835929621
x_DUTLUCA_MAH. = 1.0
x_SUTVEREN_MAH. = 1.0

Optimal objective value: 0.0002953949209424378
