ÞANLIURFA AKÇAKALE Belediye Meclisi Seçilen Mahalleler

c_GOLBASI_MAH. = 0.596678896983609
c_YUKARICINPOLAT_MAH. = 0.403321103016391
x_GOLBASI_MAH. = 1.0
x_YUKARICINPOLAT_MAH. = 1.0

Optimal objective value: 0.0012869821122474256
