ÞANLIURFA BOZOVA Belediye Meclisi Seçilen Mahalleler

c_MULKOREN_MAH. = 0.54258243851776
c_ORTATEPE_MAH. = 0.45741756148224005
x_MULKOREN_MAH. = 1.0
x_ORTATEPE_MAH. = 1.0

Optimal objective value: 0.0010629589462722855
