ÞIRNAK ÞIRNAK MERKEZ Belediye Meclisi Seçilen Mahalleler

c_ATATURK_MAH. = 0.4352421527161734
c_DICLE_MAH. = 0.5647578472838266
x_ATATURK_MAH. = 1.0
x_DICLE_MAH. = 1.0

Optimal objective value: 0.0005671812034222512
