ÞIRNAK GÜÇLÜKONAK Belediye Meclisi Seçilen Mahalleler

c_BAGLAR_MAH. = 0.41439625512657896
c_YENI_MAH. = 0.585603744873421
x_BAGLAR_MAH. = 1.0
x_YENI_MAH. = 1.0

Optimal objective value: 0.00012748657954930742
