ÞIRNAK ÞIRNAK MERKEZ - BALVEREN Belediye Meclisi Seçilen Mahalleler

c_BALVEREN-YAYLA_MAH. = 0.7723780828706781
c_BALVEREN-SAFAK_MAH. = 0.22762191712932192
x_BALVEREN-YAYLA_MAH. = 1.0
x_BALVEREN-SAFAK_MAH. = 1.0

Optimal objective value: 0.0015806515510663477
