ÞIRNAK ÝDÝL Belediye Meclisi Seçilen Mahalleler

c_YENI_MAH. = 0.6335964746624554
c_YUKARI_MAH. = 0.36640352533754456
x_YENI_MAH. = 1.0
x_YUKARI_MAH. = 1.0

Optimal objective value: 0.0004766870240759946
