ÞIRNAK ULUDERE - ÞENOBA Belediye Meclisi Seçilen Mahalleler

c_SENOBA-BASKAYA_MAH. = 0.6984587880671012
c_SENOBA-CUMHURIYET_MAH. = 0.30154121193289884
x_SENOBA-BASKAYA_MAH. = 1.0
x_SENOBA-CUMHURIYET_MAH. = 1.0

Optimal objective value: 0.0006622095794408533
