ÞIRNAK ULUDERE Belediye Meclisi Seçilen Mahalleler

c_GUNDOGDU_MAH. = 0.5725374536228988
c_KILABAN_MAH. = 0.42746254637710124
x_GUNDOGDU_MAH. = 1.0
x_KILABAN_MAH. = 1.0

Optimal objective value: 0.003270922203410187
