ÞIRNAK ÝDÝL - KARALAR Belediye Meclisi Seçilen Mahalleler

c_KARALAR-TEMEL_MAH. = 0.48303564515168945
c_KARALAR-SAMIL_MAH. = 0.5169643548483106
x_KARALAR-TEMEL_MAH. = 1.0
x_KARALAR-SAMIL_MAH. = 1.0

Optimal objective value: 2.8426889436827807e-06
