ÞIRNAK SÝLOPÝ Belediye Meclisi Seçilen Mahalleler

c_BARBAROS_MAH. = 0.6231492661337551
c_DICLE_MAH. = 0.3768507338662449
x_BARBAROS_MAH. = 1.0
x_DICLE_MAH. = 1.0

Optimal objective value: 0.0003286891926261859
