ÞIRNAK ÝDÝL - SIRTKÖY Belediye Meclisi Seçilen Mahalleler

c_SIRTKOY-DICLE_MAH. = 0.47041150738854554
c_SIRTKOY-FIRAT_MAH. = 0.5295884926114545
x_SIRTKOY-DICLE_MAH. = 1.0
x_SIRTKOY-FIRAT_MAH. = 1.0

Optimal objective value: 0.0011123499358851596
