ÞIRNAK SÝLOPÝ - GÖRÜMLÜ Belediye Meclisi Seçilen Mahalleler

c_GORUMLU-YENI_MAH. = 0.8273972751754939
c_GORUMLU-YOLAGIZI_MAH. = 0.17260272482450612
x_GORUMLU-YENI_MAH. = 1.0
x_GORUMLU-YOLAGIZI_MAH. = 1.0

Optimal objective value: 0.0022315211602360607
