ÞIRNAK BEYTÜÞÞEBAP Belediye Meclisi Seçilen Mahalleler

c_ALICAVUS_MAH. = 0.7344688360751258
c_KARSIYAKA_MAH. = 0.2655311639248742
x_ALICAVUS_MAH. = 1.0
x_KARSIYAKA_MAH. = 1.0

Optimal objective value: 0.0006495876756784646
