ÞIRNAK ULUDERE - HÝLAL Belediye Meclisi Seçilen Mahalleler

c_HILAL-GUNESLI_MAH. = 0.10587583707804982
c_HILAL-YILDIZ_MAH. = 0.8941241629219502
x_HILAL-GUNESLI_MAH. = 1.0
x_HILAL-YILDIZ_MAH. = 1.0

Optimal objective value: 0.000170212421186422
