ADANA KOZAN Belediyesi Seçilen Mahalleler

c_AKDAM_MAH. = 0.535496417801707
c_CURUKLU_MAH. = 0.46450358219829296
x_AKDAM_MAH. = 1.0
x_CURUKLU_MAH. = 1.0

Optimal objective value: 0.0024851592003017897
