ADANA TUFANBEYLÝ Belediyesi Seçilen Mahalleler

c_AKPINAR_MAH. = 0.5907641418857079
c_FATMAKUYU_MAH. = 0.40923585811429203
x_AKPINAR_MAH. = 1.0
x_FATMAKUYU_MAH. = 1.0

Optimal objective value: 0.008586640611197738
