ADANA YUMURTALIK Belediyesi Seçilen Mahalleler

c_AKDENIZ_MAH. = 0.3530147466641703
c_YUMURTALIK_MAH. = 0.6469852533358297
x_AKDENIZ_MAH. = 1.0
x_YUMURTALIK_MAH. = 1.0

Optimal objective value: 0.0007150050022154408
