ADANA SAÝMBEYLÝ Belediyesi Seçilen Mahalleler

c_GOKMENLER_MAH. = 0.8686365386264384
c_KARAKUYU_MAH. = 0.1313634613735616
x_GOKMENLER_MAH. = 1.0
x_KARAKUYU_MAH. = 1.0

Optimal objective value: 0.006328108827898804
