ADANA SARIÇAM Belediyesi Seçilen Mahalleler

c_AVCILAR_MAH. = 0.09585573228550107
c_ISTIKLAL_MAH. = 0.9041442677144992
x_AVCILAR_MAH. = 1.0
x_ISTIKLAL_MAH. = 1.0

Optimal objective value: 0.0009243170023287561
