ADANA ÇUKUROVA Belediyesi Seçilen Mahalleler

c_BEYAZEVLER_MAH. = 0.7962616137331433
c_KOCATEPE_MAH. = 0.2037383862668567
x_BEYAZEVLER_MAH. = 1.0
x_KOCATEPE_MAH. = 1.0

Optimal objective value: 0.0009729911822734527
