ADANA KARATAÞ Belediyesi Seçilen Mahalleler

c_KEMALIYE_MAH. = 0.5956023337080989
c_KESIK_MAH. = 0.40439766629190105
x_KEMALIYE_MAH. = 1.0
x_KESIK_MAH. = 1.0

Optimal objective value: 0.000346243072657626
