ADANA POZANTI Belediyesi Seçilen Mahalleler

c_BELEMEDIK_MAH. = 0.4109607039250951
c_YAGLITAS_MAH. = 0.5890392960749049
x_BELEMEDIK_MAH. = 1.0
x_YAGLITAS_MAH. = 1.0

Optimal objective value: 0.009475839988055013
