ADANA CEYHAN Belediyesi Seçilen Mahalleler

c_KONAKOGLU_MAH. = 0.5797784249442366
c_YESILBAHCE_MAH. = 0.4202215750557634
x_KONAKOGLU_MAH. = 1.0
x_YESILBAHCE_MAH. = 1.0

Optimal objective value: 0.0012384803519241983
