ADANA ALADAÐ Belediyesi Seçilen Mahalleler

c_GIREGIYENIKOY_MAH. = 0.273015873015873
c_TOPALLI_MAH. = 0.726984126984127
x_GIREGIYENIKOY_MAH. = 1.0
x_TOPALLI_MAH. = 1.0

Optimal objective value: 0.0004292833124523998
