ADANA YÜREÐÝR Belediyesi Seçilen Mahalleler

c_YERDELEN_MAH. = 0.6087904042680241
c_CAMLIBEL_MAH. = 0.3912095957319759
x_YERDELEN_MAH. = 1.0
x_CAMLIBEL_MAH. = 1.0

Optimal objective value: 0.0006103410830584632
