ADANA FEKE Belediyesi Seçilen Mahalleler

c_KASALTI_MAH. = 0.36303882414879163
c_KISACIKLI_MAH. = 0.6369611758512084
x_KASALTI_MAH. = 1.0
x_KISACIKLI_MAH. = 1.0

Optimal objective value: 0.0026901715007072724
