ADANA KARAÝSALI Belediyesi Seçilen Mahalleler

c_DOSEKEVI_MAH. = 0.18683648513052653
c_MARASLI_MAH. = 0.8131635148694735
x_DOSEKEVI_MAH. = 1.0
x_MARASLI_MAH. = 1.0

Optimal objective value: 0.0005286431161992677
