ADIYAMAN GÖLBAÞI Belediyesi Seçilen Mahalleler

c_ASFALT_MAH. = 0.37400345950316194
c_KURUGECIT_MAH. = 0.6259965404968381
x_ASFALT_MAH. = 1.0
x_KURUGECIT_MAH. = 1.0

Optimal objective value: 0.015291460486214992
