ADIYAMAN TUT Belediyesi Seçilen Mahalleler

c_BULANIK_MAH. = 0.33207021449556207
c_CUMHURIYET_MAH. = 0.6679297855044379
x_BULANIK_MAH. = 1.0
x_CUMHURIYET_MAH. = 1.0

Optimal objective value: 8.745756470351917e-05
