ADIYAMAN BESNÝ Belediyesi Seçilen Mahalleler

c_KAYMAKAM_HASAN_TUTUN_MAH. = 0.5475292824428266
c_KORUPINAR_MAH. = 0.45247071755717344
x_KAYMAKAM_HASAN_TUTUN_MAH. = 1.0
x_KORUPINAR_MAH. = 1.0

Optimal objective value: 0.0007537343747858749
