ADIYAMAN ADIYAMAN MERKEZ - KÖMÜR Belediyesi Seçilen Mahalleler

c_KOMUR-GAZI_MAH. = 0.40099464283961617
c_KOMUR-HURRIYET_MAH. = 0.5990053571603838
x_KOMUR-GAZI_MAH. = 1.0
x_KOMUR-HURRIYET_MAH. = 1.0

Optimal objective value: 0.03454950941253121
