ADIYAMAN BESNÝ - SUVARLI Belediyesi Seçilen Mahalleler

c_SUVARLI-ADALET_MAH. = 0.6238841914035045
c_SUVARLI-HURRIYET_MAH. = 0.3761158085964955
x_SUVARLI-ADALET_MAH. = 1.0
x_SUVARLI-HURRIYET_MAH. = 1.0

Optimal objective value: 0.015254759585409783
