ADIYAMAN BESNÝ - ÞAMBAYAT Belediyesi Seçilen Mahalleler

c_SAMBAYAT-FATIH_MAH. = 0.2792094407240121
c_SAMBAYAT-MENDERES_MAH. = 0.7207905592759879
x_SAMBAYAT-FATIH_MAH. = 1.0
x_SAMBAYAT-MENDERES_MAH. = 1.0

Optimal objective value: 0.0002861928992703433
