ADIYAMAN SÝNCÝK Belediyesi Seçilen Mahalleler

c_AYENGIN_MAH. = 0.38935494718941005
c_CUMHURIYET_MAH. = 0.61064505281059
x_AYENGIN_MAH. = 1.0
x_CUMHURIYET_MAH. = 1.0

Optimal objective value: 0.04305065992519841
