ADIYAMAN SAMSAT Belediyesi Seçilen Mahalleler

c_YAVUZ_SELIM_MAH. = 0.7874832543749433
c_ORENTAS_MAH. = 0.21251674562505676
x_YAVUZ_SELIM_MAH. = 1.0
x_ORENTAS_MAH. = 1.0

Optimal objective value: 0.0005819412260754664
