ADIYAMAN ADIYAMAN MERKEZ Belediyesi Seçilen Mahalleler

c_MALAZGIRT_MAH. = 0.5024026627948257
c_ORENLI_MAH. = 0.49759733720517424
x_MALAZGIRT_MAH. = 1.0
x_ORENLI_MAH. = 1.0

Optimal objective value: 0.0034485232106185038
