ADIYAMAN SÝNCÝK - ÝNLÝCE Belediyesi Seçilen Mahalleler

c_INLICE-FIRAT_MAH. = 0.551542429337675
c_INLICE-KARADAG_MAH. = 0.44845757066232494
x_INLICE-FIRAT_MAH. = 1.0
x_INLICE-KARADAG_MAH. = 1.0

Optimal objective value: 0.04830469606784815
