ADIYAMAN ÇELÝKHAN Belediyesi Seçilen Mahalleler

c_BAHCELI_EVLER_MAH. = 0.284300528410553
c_ZAFER_MAH. = 0.715699471589447
x_BAHCELI_EVLER_MAH. = 1.0
x_ZAFER_MAH. = 1.0

Optimal objective value: 0.004714826517560611
