ADIYAMAN GÖLBAÞI - HARMANLI Belediyesi Seçilen Mahalleler

c_HARMANLI-CUMHURIYET_MAH. = 0.36172024463946206
c_HARMANLI-YENI_MAH. = 0.6382797553605379
x_HARMANLI-CUMHURIYET_MAH. = 1.0
x_HARMANLI-YENI_MAH. = 1.0

Optimal objective value: 0.00048643964026706676
