AFYONKARAHISAR ÝSCEHÝSAR Belediyesi Seçilen Mahalleler

c_KAVAK_MAH. = 0.6451869485974876
c_CUKUR_MAH. = 0.35481305140251296
x_KAVAK_MAH. = 1.0
x_CUKUR_MAH. = 1.0

Optimal objective value: 0.06394422824402302
