AFYONKARAHISAR SÝNANPAÞA - KIRKA Belediyesi Seçilen Mahalleler

c_KIRKA-ATATURK_MAH. = 0.7011732171569651
c_KIRKA-FATIH_MAH. = 0.2988267828430349
x_KIRKA-ATATURK_MAH. = 1.0
x_KIRKA-FATIH_MAH. = 1.0

Optimal objective value: 0.0008577998843040113
