AFYONKARAHISAR ÝHSANÝYE - KAYIHAN Belediyesi Seçilen Mahalleler

c_KAYIHAN-PINAR_MAH. = 0.48072510432456617
c_KAYIHAN-TURBE_MAH. = 0.5192748956754338
x_KAYIHAN-PINAR_MAH. = 1.0
x_KAYIHAN-TURBE_MAH. = 1.0

Optimal objective value: 0.031015373084343212
