AFYONKARAHISAR SANDIKLI Belediyesi Seçilen Mahalleler

c_HISAR_MAH. = 0.27190501800910255
c_SIRINEVLER_MAH. = 0.7280949819908975
x_HISAR_MAH. = 1.0
x_SIRINEVLER_MAH. = 1.0

Optimal objective value: 0.0004045217165213888
