AFYONKARAHISAR ÝHSANÝYE Belediyesi Seçilen Mahalleler

c_AKOREN_MAH. = 0.5053863418341761
c_HURRIYET_MAH. = 0.4946136581658239
x_AKOREN_MAH. = 1.0
x_HURRIYET_MAH. = 1.0

Optimal objective value: 0.0013714639448149102
