AFYONKARAHISAR KIZILÖREN Belediyesi Seçilen Mahalleler

c_CUMHURIYET_MAH. = 0.6483369668191746
c_YENI_MAH. = 0.3516630331808171
x_CUMHURIYET_MAH. = 1.0
x_YENI_MAH. = 1.0

Optimal objective value: 7.7422168873853e-05
