AFYONKARAHISAR DÝNAR Belediyesi Seçilen Mahalleler

c_ALTMISEVLER_MAH. = 0.6777814852007814
c_KORUBASI_MAH. = 0.3222185147992186
x_ALTMISEVLER_MAH. = 1.0
x_KORUBASI_MAH. = 1.0

Optimal objective value: 0.0005964772350154357
