AFYONKARAHISAR DAZKIRI Belediyesi Seçilen Mahalleler

c_YESILYURT_MAH. = 0.07600498382691467
c_CAMLIK_MAH. = 0.9239950161730853
x_YESILYURT_MAH. = 1.0
x_CAMLIK_MAH. = 1.0

Optimal objective value: 0.011451691670660069
