AFYONKARAHISAR BAÞMAKÇI Belediyesi Seçilen Mahalleler

c_GULISTAN_MAH. = 0.10570335416586009
c_YENI_MAH. = 0.8942966458341399
x_GULISTAN_MAH. = 1.0
x_YENI_MAH. = 1.0

Optimal objective value: 0.000739216894693917
