AFYONKARAHISAR AFYONKARAHÝSAR MERKEZ - SÜLÜN Belediyesi Seçilen Mahalleler

c_SULUN-GULTEPE_MAH. = 0.45496126149710625
c_SULUN-HISAR_MAH. = 0.5450387385028936
x_SULUN-GULTEPE_MAH. = 1.0
x_SULUN-HISAR_MAH. = 1.0

Optimal objective value: 0.039703617633837784
