AFYONKARAHISAR ÇOBANLAR - KOCAÖZ Belediyesi Seçilen Mahalleler

c_KOCAOZ-FATIH_MAH. = 0.7506481792844283
c_KOCAOZ-ISTIKLAL_MAH. = 0.24935182071557174
x_KOCAOZ-FATIH_MAH. = 1.0
x_KOCAOZ-ISTIKLAL_MAH. = 1.0

Optimal objective value: 0.01720211245218306
