AFYONKARAHISAR ÇOBANLAR Belediyesi Seçilen Mahalleler

c_GOLCUK_MAH. = 0.30798289596345685
c_KARADEDE_MAH. = 0.6920171040365432
x_GOLCUK_MAH. = 1.0
x_KARADEDE_MAH. = 1.0

Optimal objective value: 0.0015392717031680325
