AFYONKARAHISAR SÝNANPAÞA - DÜZAÐAÇ Belediyesi Seçilen Mahalleler

c_DUZAGAC-FATIH_MAH. = 0.5416641541288636
c_DUZAGAC-ISIK_MAH. = 0.45833584587113635
x_DUZAGAC-FATIH_MAH. = 1.0
x_DUZAGAC-ISIK_MAH. = 1.0

Optimal objective value: 0.008554336896790415
