AFYONKARAHISAR ÞUHUT Belediyesi Seçilen Mahalleler

c_ALTIGOZ_MAH. = 0.40566768003072073
c_YALI_MAH. = 0.5943323199692793
x_ALTIGOZ_MAH. = 1.0
x_YALI_MAH. = 1.0

Optimal objective value: 0.0005043102118658105
