AFYONKARAHISAR ÇAY Belediyesi Seçilen Mahalleler

c_AKTAS_MAH. = 0.3397221028391382
c_BAHCELIEVLER_MAH. = 0.6602778971608618
x_AKTAS_MAH. = 1.0
x_BAHCELIEVLER_MAH. = 1.0

Optimal objective value: 0.00041795202611394355
