AFYONKARAHISAR EVCÝLER Belediyesi Seçilen Mahalleler

c_CAMIKEBIR_MAH. = 0.4612779781378672
c_FATIH_MAH. = 0.5387220218621328
x_CAMIKEBIR_MAH. = 1.0
x_FATIH_MAH. = 1.0

Optimal objective value: 0.000523582408883172
