AFYONKARAHISAR HOCALAR Belediyesi Seçilen Mahalleler

c_YENI_MAH. = 0.6970165255292162
c_SAFAK_MAH. = 0.30298347447078383
x_YENI_MAH. = 1.0
x_SAFAK_MAH. = 1.0

Optimal objective value: 0.0008505858749340289
