AFYONKARAHISAR DÝNAR - HAYDARLI Belediyesi Seçilen Mahalleler

c_HAYDARLI-HURRIYET_MAH. = 0.22001706137706517
c_HAYDARLI-YENI_MAH. = 0.7799829386229353
x_HAYDARLI-HURRIYET_MAH. = 1.0
x_HAYDARLI-YENI_MAH. = 1.0

Optimal objective value: 0.0006269347812372095
