AFYONKARAHISAR BOLVADÝN - DÝÞLÝ Belediyesi Seçilen Mahalleler

c_DISLI-YUKARI_MAH. = 0.8128561409005561
c_DISLI-SEYH_SAMIL_MAH. = 0.18714385909944387
x_DISLI-YUKARI_MAH. = 1.0
x_DISLI-SEYH_SAMIL_MAH. = 1.0

Optimal objective value: 0.0009582173768358793
