AFYONKARAHISAR SÝNANPAÞA Belediyesi Seçilen Mahalleler

c_BAHCELIEVLER_MAH. = 0.7259444355735729
c_CUMHURIYET_MAH. = 0.27405556442642703
x_BAHCELIEVLER_MAH. = 1.0
x_CUMHURIYET_MAH. = 1.0

Optimal objective value: 0.0005062534369397742
