AFYONKARAHISAR BOLVADÝN - ÖZBURUN Belediyesi Seçilen Mahalleler

c_OZBURUN-ULUCAMI_MAH. = 0.24790534686997934
c_OZBURUN-USKUDAR_MAH. = 0.7520946531300207
x_OZBURUN-ULUCAMI_MAH. = 1.0
x_OZBURUN-USKUDAR_MAH. = 1.0

Optimal objective value: 0.0001455773480432132
