AFYONKARAHISAR AFYONKARAHÝSAR MERKEZ Belediyesi Seçilen Mahalleler

c_AKMESCIT_MAH. = 0.345095582894966
c_ISTIKLAL_MAH. = 0.654904417105034
x_AKMESCIT_MAH. = 1.0
x_ISTIKLAL_MAH. = 1.0

Optimal objective value: 0.0005714279642214937
