AFYONKARAHISAR SULTANDAÐI Belediyesi Seçilen Mahalleler

c_SELCUK_MAH. = 0.5931748570723285
c_YENI_MAH. = 0.40682514292767147
x_SELCUK_MAH. = 1.0
x_YENI_MAH. = 1.0

Optimal objective value: 0.0006528537597820794
