AFYONKARAHISAR BOLVADÝN Belediyesi Seçilen Mahalleler

c_BAGLARBASI_MAH. = 0.32441706149676863
c_YENICE_MAH. = 0.6755829385032314
x_BAGLARBASI_MAH. = 1.0
x_YENICE_MAH. = 1.0

Optimal objective value: 0.00024369964711901115
