AFYONKARAHISAR BAYAT Belediyesi Seçilen Mahalleler

c_HURRIYET_MAH. = 0.36377252771476676
c_YENI_MAH. = 0.6362274722852332
x_HURRIYET_MAH. = 1.0
x_YENI_MAH. = 1.0

Optimal objective value: 0.0008233497872937035
