AFYONKARAHISAR EMÝRDAÐ Belediyesi Seçilen Mahalleler

c_CILLI_MAH. = 0.6107400338580408
c_INCILI_MAH. = 0.38925996614195923
x_CILLI_MAH. = 1.0
x_INCILI_MAH. = 1.0

Optimal objective value: 0.0008917081543774463
