AGRI PATNOS Belediyesi Seçilen Mahalleler

c_BADISAN_MAH. = 0.3307681533953685
c_YESIL_CIMEN_MAH. = 0.6692318466046314
x_BADISAN_MAH. = 1.0
x_YESIL_CIMEN_MAH. = 1.0

Optimal objective value: 0.001510279180108598
