AGRI ELEÞKÝRT Belediyesi Seçilen Mahalleler

c_LOZAN_MAH. = 0.743498293110008
c_MUFTUSELIM_MAH. = 0.25650170688999196
x_LOZAN_MAH. = 1.0
x_MUFTUSELIM_MAH. = 1.0

Optimal objective value: 0.001633600338686425
