AGRI TAÞLIÇAY Belediyesi Seçilen Mahalleler

c_15_TEMMUZ_SEHITLER_MAH. = 0.39906417480832573
c_ADNAN_MENDERES_MAH. = 0.6009358251916743
x_15_TEMMUZ_SEHITLER_MAH. = 1.0
x_ADNAN_MENDERES_MAH. = 1.0

Optimal objective value: 0.004479556233009219
