AGRI DOÐUBAYAZIT Belediyesi Seçilen Mahalleler

c_ABDIGOR_MAH. = 0.37248500924840366
c_VATAN_MAH. = 0.6275149907515963
x_ABDIGOR_MAH. = 1.0
x_VATAN_MAH. = 1.0

Optimal objective value: 0.00028175060212110026
