AGRI TUTAK Belediyesi Seçilen Mahalleler

c_KARSIYAKA_MAH. = 0.48173177542537693
c_MURAT_MAH. = 0.5182682245746231
x_KARSIYAKA_MAH. = 1.0
x_MURAT_MAH. = 1.0

Optimal objective value: 0.020059455180298946
