AGRI AÐRI MERKEZ Belediyesi Seçilen Mahalleler

c_ABIDE_MAH. = 0.27733177013695975
c_KURTULUS_MAH. = 0.7226682298630402
x_ABIDE_MAH. = 1.0
x_KURTULUS_MAH. = 1.0

Optimal objective value: 0.0009951550914505392
