AGRI PATNOS - DEDELÝ Belediyesi Seçilen Mahalleler

c_DEDELI-CUMHURIYET_MAH. = 0.34424391370178076
c_DEDELI-MERKEZ_MAH. = 0.6557560862982192
x_DEDELI-CUMHURIYET_MAH. = 1.0
x_DEDELI-MERKEZ_MAH. = 1.0

Optimal objective value: 0.0014756985669092115
