AGRI ELEÞKÝRT - TAHÝR Belediyesi Seçilen Mahalleler

c_TAHIR-AYDINTEPE_MAH. = 0.5343131416578861
c_TAHIR-KARSIYAKA_MAH. = 0.46568685834211393
x_TAHIR-AYDINTEPE_MAH. = 1.0
x_TAHIR-KARSIYAKA_MAH. = 1.0

Optimal objective value: 0.0008198018098093396
