AKSARAY AKSARAY MERKEZ - YENÝKENT Belediyesi Seçilen Mahalleler

c_YENIKENT-ZAFER_MAH. = 0.7525914156196445
c_YENIKENT-ISTIKLAL_MAH. = 0.24740858438035554
x_YENIKENT-ZAFER_MAH. = 1.0
x_YENIKENT-ISTIKLAL_MAH. = 1.0

Optimal objective value: 0.00019216753009454468
