AKSARAY GÜZELYURT Belediyesi Seçilen Mahalleler

c_AKYAMAC_MAH. = 0.27357730683825965
c_YUKARI_MAH. = 0.7264226931617404
x_AKYAMAC_MAH. = 1.0
x_YUKARI_MAH. = 1.0

Optimal objective value: 0.001584852097801015
