AKSARAY ESKÝL Belediyesi Seçilen Mahalleler

c_HURRIYET_MAH. = 0.7378460558039901
c_ZAFER_MAH. = 0.26215394419600996
x_HURRIYET_MAH. = 1.0
x_ZAFER_MAH. = 1.0

Optimal objective value: 0.0003777257716505167
