AKSARAY GÜZELYURT - SELÝME Belediyesi Seçilen Mahalleler

c_SELIME-KAYAALTI_MAH. = 0.30844704214633667
c_SELIME-KOPRUBASI_MAH. = 0.6915529578536633
x_SELIME-KAYAALTI_MAH. = 1.0
x_SELIME-KOPRUBASI_MAH. = 1.0

Optimal objective value: 0.006121459055549505
