AKSARAY SARIYAHÞÝ Belediyesi Seçilen Mahalleler

c_KURTULUS_MAH. = 0.6865234622579763
c_SAFAKTEPE_MAH. = 0.31347653774202366
x_KURTULUS_MAH. = 1.0
x_SAFAKTEPE_MAH. = 1.0

Optimal objective value: 0.0003645656779751594
