AKSARAY GÜZELYURT - IHLARA Belediyesi Seçilen Mahalleler

c_IHLARA-AKPINAR_MAH. = 0.6113384995203666
c_IHLARA-KAYAARDI_MAH. = 0.3886615004796335
x_IHLARA-AKPINAR_MAH. = 1.0
x_IHLARA-KAYAARDI_MAH. = 1.0

Optimal objective value: 0.00037613060980756785
