AKSARAY AKSARAY MERKEZ - SAÐLIK Belediyesi Seçilen Mahalleler

c_SAGLIK-FATIH_MAH. = 0.7581363608559505
c_SAGLIK-YENIMAHALLE_MAH. = 0.24186363914404949
x_SAGLIK-FATIH_MAH. = 1.0
x_SAGLIK-YENIMAHALLE_MAH. = 1.0

Optimal objective value: 0.0004583465053139557
