AKSARAY AKSARAY MERKEZ Belediyesi Seçilen Mahalleler

c_BEDIR_MUHTAR_MAH. = 0.5178868390076454
c_MEYDAN_MAH. = 0.48211316099235463
x_BEDIR_MUHTAR_MAH. = 1.0
x_MEYDAN_MAH. = 1.0

Optimal objective value: 0.00039278613511173344
