AMASYA MERZÝFON Belediyesi Seçilen Mahalleler

c_ABIDEHATUN_MAH. = 0.04011262287763088
c_HARMANLAR_MAH. = 0.9598873771223692
x_ABIDEHATUN_MAH. = 1.0
x_HARMANLAR_MAH. = 1.0

Optimal objective value: 0.0003204767932690755
