AMASYA GÖYNÜCEK Belediyesi Seçilen Mahalleler

c_CUMHURIYET_MAH. = 0.7187024879604662
c_MERKEZ_MAH. = 0.28129751203953374
x_CUMHURIYET_MAH. = 1.0
x_MERKEZ_MAH. = 1.0

Optimal objective value: 0.0008504542171079432
