AMASYA TAÞOVA Belediyesi Seçilen Mahalleler

c_TEPE_MAH. = 0.5451408536361841
c_YEMISEN_MAH. = 0.45485914636381586
x_TEPE_MAH. = 1.0
x_YEMISEN_MAH. = 1.0

Optimal objective value: 0.0003373092059104632
