AMASYA HAMAMÖZÜ Belediyesi Seçilen Mahalleler

c_ARKUTBEY_MAH. = 0.7991075763173027
c_HAMITKAPLAN_MAH. = 0.20089242368269733
x_ARKUTBEY_MAH. = 1.0
x_HAMITKAPLAN_MAH. = 1.0

Optimal objective value: 0.00026234192691476643
