AMASYA SULUOVA Belediyesi Seçilen Mahalleler

c_BEYAZIT_MAH. = 0.20340162724380584
c_SEKER_MAH. = 0.7965983727561942
x_BEYAZIT_MAH. = 1.0
x_SEKER_MAH. = 1.0

Optimal objective value: 0.0007093997796450147
