ANKARA KIZILCAHAMAM Belediyesi Seçilen Mahalleler

c_AKDOGAN_MAH. = 0.8768984818976391
c_AKCAKESE_MAH. = 0.12310151810236089
x_AKDOGAN_MAH. = 1.0
x_AKCAKESE_MAH. = 1.0

Optimal objective value: 0.0005471845877328407
