ANKARA GÜDÜL Belediyesi Seçilen Mahalleler

c_HACILAR_MAH. = 0.5275150907164272
c_SALIHLER_MAH. = 0.47248490928357273
x_HACILAR_MAH. = 1.0
x_SALIHLER_MAH. = 1.0

Optimal objective value: 0.00315001327726927
