ANKARA MAMAK Belediyesi Seçilen Mahalleler

c_YUKARI_IMROHOR_MAH. = 0.682080727027974
c_UREGIL_MAH. = 0.31791927297202605
x_YUKARI_IMROHOR_MAH. = 1.0
x_UREGIL_MAH. = 1.0

Optimal objective value: 0.0005291238388579478
