ANKARA ALTINDAÐ Belediyesi Seçilen Mahalleler

c_AYDINLIKEVLER_MAH. = 0.46764214334456206
c_PECENEK_MAH. = 0.5323578566554379
x_AYDINLIKEVLER_MAH. = 1.0
x_PECENEK_MAH. = 1.0

Optimal objective value: 0.0008229393339691526
