ANKARA ÞEREFLÝKOÇHÝSAR Belediyesi Seçilen Mahalleler

c_CALOREN_MAH. = 0.1547425350258588
c_ISTIKLAL_MAH. = 0.8452574649741417
x_CALOREN_MAH. = 1.0
x_ISTIKLAL_MAH. = 1.0

Optimal objective value: 0.0005334556311769045
