ANKARA KALECÝK Belediyesi Seçilen Mahalleler

c_BUGRA_MAH. = 0.4027534123317055
c_GOKCEOREN_MAH. = 0.5972465876682945
x_BUGRA_MAH. = 1.0
x_GOKCEOREN_MAH. = 1.0

Optimal objective value: 0.0012187116893693783
