ANKARA YENÝMAHALLE Belediyesi Seçilen Mahalleler

c_BATI_SITESI_MAH. = 0.6715272766319638
c_YUKARI_YAHYALAR_MAH. = 0.32847272336803623
x_BATI_SITESI_MAH. = 1.0
x_YUKARI_YAHYALAR_MAH. = 1.0

Optimal objective value: 0.00015364337197532052
