ANKARA KAHRAMANKAZAN Belediyesi Seçilen Mahalleler

c_ALPAGUT_MAH. = 0.3000461572572346
c_YASSIOREN_MAH. = 0.6999538427427654
x_ALPAGUT_MAH. = 1.0
x_YASSIOREN_MAH. = 1.0

Optimal objective value: 0.0005929680332663612
