ANKARA HAYMANA Belediyesi Seçilen Mahalleler

c_ALTIPINAR_MAH. = 0.5198000638687807
c_KARASULEYMANLI_MAH. = 0.4801999361312192
x_ALTIPINAR_MAH. = 1.0
x_KARASULEYMANLI_MAH. = 1.0

Optimal objective value: 0.003068414422548349
