ANKARA NALLIHAN Belediyesi Seçilen Mahalleler

c_100.YIL_MAH. = 0.6970468856665808
c_OSURLER_MAH. = 0.30295311433341915
x_100.YIL_MAH. = 1.0
x_OSURLER_MAH. = 1.0

Optimal objective value: 0.0002574674950003297
