ANKARA GÖLBAÞI Belediyesi Seçilen Mahalleler

c_TASPINAR_MAH. = 0.42987838819461166
c_TEPEYURT_MAH. = 0.5701216118053883
x_TASPINAR_MAH. = 1.0
x_TEPEYURT_MAH. = 1.0

Optimal objective value: 0.00039572995112568954
