ANKARA ETÝMESGUT Belediyesi Seçilen Mahalleler

c_30_AGUSTOS_MAH. = 0.47401648579443767
c_SEHIT_OSMAN_AVCI_MAH. = 0.5259835142055623
x_30_AGUSTOS_MAH. = 1.0
x_SEHIT_OSMAN_AVCI_MAH. = 1.0

Optimal objective value: 0.0006672327566743519
