ANKARA AKYURT Belediyesi Seçilen Mahalleler

c_GUZELHISAR_MAH. = 0.8624239087617467
c_KARACAKAYA_MAH. = 0.13757609123825335
x_GUZELHISAR_MAH. = 1.0
x_KARACAKAYA_MAH. = 1.0

Optimal objective value: 0.03069977314713057
