ANKARA ELMADAÐ Belediyesi Seçilen Mahalleler

c_AKCAALI_MAH. = 0.49388524104753395
c_YENIDOGAN_MAH. = 0.506114758952466
x_AKCAALI_MAH. = 1.0
x_YENIDOGAN_MAH. = 1.0

Optimal objective value: 0.0002937304468181301
