ANKARA EVREN Belediyesi Seçilen Mahalleler

c_CEBIRLI_MAH. = 0.21632669927405557
c_MODERN_MAH. = 0.7836733007259444
x_CEBIRLI_MAH. = 1.0
x_MODERN_MAH. = 1.0

Optimal objective value: 0.0002750113432212764
