ANKARA ÇAMLIDERE Belediyesi Seçilen Mahalleler

c_DOYMUS_MAH. = 0.5252840328360086
c_YAYALAR_MAH. = 0.47471596716399145
x_DOYMUS_MAH. = 1.0
x_YAYALAR_MAH. = 1.0

Optimal objective value: 0.0006202120975979941
