ANKARA BEYPAZARI Belediyesi Seçilen Mahalleler

c_BATCA_MAH. = 0.4068791876606991
c_KERBANLAR_MAH. = 0.5931208123393009
x_BATCA_MAH. = 1.0
x_KERBANLAR_MAH. = 1.0

Optimal objective value: 0.00024534613652937853
