ANKARA POLATLI Belediyesi Seçilen Mahalleler

c_ILICA_MAH. = 0.17234158433505664
c_YAGCIOGLU_MAH. = 0.8276584156649434
x_ILICA_MAH. = 1.0
x_YAGCIOGLU_MAH. = 1.0

Optimal objective value: 0.0003017102197433452
