ANKARA KEÇÝÖREN Belediyesi Seçilen Mahalleler

c_SANCAKTEPE_MAH. = 0.5183510182292538
c_TEPEBASI_MAH. = 0.4816489817707462
x_SANCAKTEPE_MAH. = 1.0
x_TEPEBASI_MAH. = 1.0

Optimal objective value: 0.0007384258560538814
