ANKARA ÇUBUK Belediyesi Seçilen Mahalleler

c_DURHASAN_MAH. = 0.30359201930329516
c_YAVUZSELIM_MAH. = 0.6964079806967048
x_DURHASAN_MAH. = 1.0
x_YAVUZSELIM_MAH. = 1.0

Optimal objective value: 0.0017677262199543575
