ANKARA PURSAKLAR Belediyesi Seçilen Mahalleler

c_ABADAN_MAH. = 0.937636887515492
c_AYYILDIZ_MAH. = 0.06236311248450797
x_ABADAN_MAH. = 1.0
x_AYYILDIZ_MAH. = 1.0

Optimal objective value: 0.0016487881977655938
