ANKARA AYAÞ Belediyesi Seçilen Mahalleler

c_CANILLI_CIGDEMCI_MAH. = 0.36557962877113936
c_ILHANKOY_MAH. = 0.6344203712288606
x_CANILLI_CIGDEMCI_MAH. = 1.0
x_ILHANKOY_MAH. = 1.0

Optimal objective value: 0.0008488197096754302
