ANKARA BALA Belediyesi Seçilen Mahalleler

c_BEYNAM_MAH. = 0.1927633473141681
c_KARTALTEPE_MAH. = 0.8072366526858319
x_BEYNAM_MAH. = 1.0
x_KARTALTEPE_MAH. = 1.0

Optimal objective value: 0.00040116024829528474
