ANTALYA SERÝK Belediyesi Seçilen Mahalleler

c_KADRIYE_MAH. = 0.20112085475064934
c_MERKEZ_MAH. = 0.7988791452493507
x_KADRIYE_MAH. = 1.0
x_MERKEZ_MAH. = 1.0

Optimal objective value: 0.0005052111407880533
