ANTALYA KEPEZ Belediyesi Seçilen Mahalleler

c_DUACI_MAH. = 0.36001144454572287
c_VARSAK_MENDERES_MAH. = 0.6399885554542771
x_DUACI_MAH. = 1.0
x_VARSAK_MENDERES_MAH. = 1.0

Optimal objective value: 0.0005696503718388701
