ANTALYA KORKUTELÝ Belediyesi Seçilen Mahalleler

c_KUCUKKOY_MAH. = 0.4218746681844737
c_YESILOBA_MAH. = 0.5781253318155263
x_KUCUKKOY_MAH. = 1.0
x_YESILOBA_MAH. = 1.0

Optimal objective value: 0.004931094035572903
