ANTALYA ALANYA Belediyesi Seçilen Mahalleler

c_AKDAM_MAH. = 0.5720575738198104
c_HACIKERIMLER_MAH. = 0.4279424261801897
x_AKDAM_MAH. = 1.0
x_HACIKERIMLER_MAH. = 1.0

Optimal objective value: 0.0013264155375709574
