ANTALYA KUMLUCA Belediyesi Seçilen Mahalleler

c_ADRASAN_MAH. = 0.72861727604637
c_YESILKOY_MAH. = 0.27138272395362995
x_ADRASAN_MAH. = 1.0
x_YESILKOY_MAH. = 1.0

Optimal objective value: 0.0009133037849710091
