ANTALYA AKSU Belediyesi Seçilen Mahalleler

c_KONAK_MAH. = 0.5126441859456473
c_MANDIRLAR_MAH. = 0.4873558140543527
x_KONAK_MAH. = 1.0
x_MANDIRLAR_MAH. = 1.0

Optimal objective value: 0.001194803425489166
