ANTALYA ÝBRADI Belediyesi Seçilen Mahalleler

c_BASLAR_MAH. = 0.6402939741668723
c_CUKURVIRAN_MAH. = 0.35970602583312766
x_BASLAR_MAH. = 1.0
x_CUKURVIRAN_MAH. = 1.0

Optimal objective value: 0.0010828808488160258
