ANTALYA KAÞ Belediyesi Seçilen Mahalleler

c_DOGANTAS_MAH. = 0.7817043938239105
c_CATALOLUK_MAH. = 0.21829560617608942
x_DOGANTAS_MAH. = 1.0
x_CATALOLUK_MAH. = 1.0

Optimal objective value: 0.004524231512693211
