ANTALYA GAZÝPAÞA Belediyesi Seçilen Mahalleler

c_AYDIN_MAH. = 0.7159650041557688
c_GOKCEBELEN_MAH. = 0.2840349958442312
x_AYDIN_MAH. = 1.0
x_GOKCEBELEN_MAH. = 1.0

Optimal objective value: 0.000746165681144495
