ANTALYA DEMRE Belediyesi Seçilen Mahalleler

c_ALAKENT_MAH. = 0.5012169604118929
c_CEVRELI_MAH. = 0.4987830395881071
x_ALAKENT_MAH. = 1.0
x_CEVRELI_MAH. = 1.0

Optimal objective value: 0.0005418338362627173
