ANTALYA MURATPAÞA Belediyesi Seçilen Mahalleler

c_MEYDANKAVAGI_MAH. = 0.8149217030100875
c_TUZCULAR_MAH. = 0.18507829698991254
x_MEYDANKAVAGI_MAH. = 1.0
x_TUZCULAR_MAH. = 1.0

Optimal objective value: 0.0021707551403485903
