ANTALYA ELMALI Belediyesi Seçilen Mahalleler

c_KOCAPINAR_MAH. = 0.6906876311494636
c_ISLAMLAR_MAH. = 0.3093123688505363
x_KOCAPINAR_MAH. = 1.0
x_ISLAMLAR_MAH. = 1.0

Optimal objective value: 0.00024121070457350235
