ANTALYA DÖÞEMEALTI Belediyesi Seçilen Mahalleler

c_AYANLAR_MAH. = 0.6580583057952638
c_BIYIKLI_MAH. = 0.3419416942047362
x_AYANLAR_MAH. = 1.0
x_BIYIKLI_MAH. = 1.0

Optimal objective value: 0.00018231190169371025
