ANTALYA AKSEKÝ Belediyesi Seçilen Mahalleler

c_DIKMEN_MAH. = 0.5354277647911804
c_ERENYAKA_MAH. = 0.46457223520881963
x_DIKMEN_MAH. = 1.0
x_ERENYAKA_MAH. = 1.0

Optimal objective value: 0.0005097938684563985
