ARDAHAN GÖLE Belediyesi Seçilen Mahalleler

c_KUBILAY_BEY_MAH. = 0.738402439072084
c_SALIM_BEY_MAH. = 0.2615975609279159
x_KUBILAY_BEY_MAH. = 1.0
x_SALIM_BEY_MAH. = 1.0

Optimal objective value: 0.01742930597350978
