ARDAHAN ÇILDIR Belediyesi Seçilen Mahalleler

c_DEDEKORKUT_MAH. = 0.5871130337238756
c_SUHARA_MAH. = 0.4128869662761244
x_DEDEKORKUT_MAH. = 1.0
x_SUHARA_MAH. = 1.0

Optimal objective value: 0.002023868249264482
