ARDAHAN DAMAL Belediyesi Seçilen Mahalleler

c_CUMHURIYET_MAH. = 0.34452882470886226
c_CAYBASI_MAH. = 0.6554711752911377
x_CUMHURIYET_MAH. = 1.0
x_CAYBASI_MAH. = 1.0

Optimal objective value: 0.0067598207559210755
