ARDAHAN HANAK Belediyesi Seçilen Mahalleler

c_ORTAKENT_MERKEZ_MAH. = 0.2328203352313658
c_SELAM_VERDI_MAH. = 0.7671796647686342
x_ORTAKENT_MERKEZ_MAH. = 1.0
x_SELAM_VERDI_MAH. = 1.0

Optimal objective value: 0.02481269820235521
