ARTVIN ÞAVÞAT Belediyesi Seçilen Mahalleler

c_SOGUTLU_MAH. = 0.1398311696002652
c_YENIKOY_MAH. = 0.8601688303997348
x_SOGUTLU_MAH. = 1.0
x_YENIKOY_MAH. = 1.0

Optimal objective value: 0.0004034744285229541
