ARTVIN YUSUFELÝ Belediyesi Seçilen Mahalleler

c_KAZIM_KARABEKIR_MAH. = 0.04861662078328112
c_MERKEZ_MAH. = 0.9513833792167189
x_KAZIM_KARABEKIR_MAH. = 1.0
x_MERKEZ_MAH. = 1.0

Optimal objective value: 0.0014074841795391757
