ARTVIN HOPA Belediyesi Seçilen Mahalleler

c_ORTAHOPA_MAH. = 0.4403462049872944
c_SUNDURA_MAH. = 0.5596537950127056
x_ORTAHOPA_MAH. = 1.0
x_SUNDURA_MAH. = 1.0

Optimal objective value: 0.002463395571452698
