ARTVIN BORÇKA Belediyesi Seçilen Mahalleler

c_AKSU_MAH. = 0.030066785729442557
c_GUNDOGDU_MAH. = 0.9699332142705575
x_AKSU_MAH. = 1.0
x_GUNDOGDU_MAH. = 1.0

Optimal objective value: 0.0004285703192176138
