AYDIN SULTANHÝSAR Belediyesi Seçilen Mahalleler

c_ATCA_MAH. = 0.3901336270179893
c_KURTULUS_MAH. = 0.6098663729820106
x_ATCA_MAH. = 1.0
x_KURTULUS_MAH. = 1.0

Optimal objective value: 0.0016145079450150535
