AYDIN ÝNCÝRLÝOVA Belediyesi Seçilen Mahalleler

c_ARZULAR_MAH. = 0.44961165606076403
c_KOPRUOVA_MAH. = 0.550388343939236
x_ARZULAR_MAH. = 1.0
x_KOPRUOVA_MAH. = 1.0

Optimal objective value: 0.0008796144191711708
