AYDIN KARPUZLU Belediyesi Seçilen Mahalleler

c_EKTIRLI_MAH. = 0.5522648832121015
c_YENI_MAH. = 0.44773511678789846
x_EKTIRLI_MAH. = 1.0
x_YENI_MAH. = 1.0

Optimal objective value: 0.00023164701449873704
