AYDIN BOZDOÐAN Belediyesi Seçilen Mahalleler

c_KARAAHMETLER_MAH. = 0.16777622637514134
c_KIZILTEPE_MAH. = 0.8322237736248587
x_KARAAHMETLER_MAH. = 1.0
x_KIZILTEPE_MAH. = 1.0

Optimal objective value: 0.0003790333129927159
