AYDIN SÖKE Belediyesi Seçilen Mahalleler

c_FEVZIPASA_MAH. = 0.50641109885046
c_CELTIKCI_MAH. = 0.49358890114954007
x_FEVZIPASA_MAH. = 1.0
x_CELTIKCI_MAH. = 1.0

Optimal objective value: 0.00022409649625654282
