AYDIN YENÝPAZAR Belediyesi Seçilen Mahalleler

c_DEREKOY_MAH. = 0.34924398998130046
c_DOGU_MAH. = 0.6507560100186995
x_DEREKOY_MAH. = 1.0
x_DOGU_MAH. = 1.0

Optimal objective value: 0.00012580515620619348
