AYDIN ÇÝNE Belediyesi Seçilen Mahalleler

c_BOLUNTU_MAH. = 0.10879282677636326
c_CUMHURIYET_MAH. = 0.8912071732236367
x_BOLUNTU_MAH. = 1.0
x_CUMHURIYET_MAH. = 1.0

Optimal objective value: 0.0004949003826831833
