AYDIN KUYUCAK Belediyesi Seçilen Mahalleler

c_AKSAZ_MAH. = 0.18646792623115854
c_AYDINOGLU_MAH. = 0.8135320737688414
x_AKSAZ_MAH. = 1.0
x_AYDINOGLU_MAH. = 1.0

Optimal objective value: 0.00028184223619021065
