AYDIN BUHARKENT Belediyesi Seçilen Mahalleler

c_MURATDAGI_MAH. = 0.1360366868403462
c_UCEYLUL_MAH. = 0.8639633131596538
x_MURATDAGI_MAH. = 1.0
x_UCEYLUL_MAH. = 1.0

Optimal objective value: 0.0010203131264686638
