AYDIN EFELER Belediyesi Seçilen Mahalleler

c_MIMAR_SINAN_MAH. = 0.646912745158865
c_UMURLU_MAH. = 0.35308725484113507
x_MIMAR_SINAN_MAH. = 1.0
x_UMURLU_MAH. = 1.0

Optimal objective value: 0.0005241218120644042
