AYDIN NAZÝLLÝ Belediyesi Seçilen Mahalleler

c_BAYINDIR_MAH. = 0.5819820498089099
c_RAHMANLAR_MAH. = 0.41801795019109017
x_BAYINDIR_MAH. = 1.0
x_RAHMANLAR_MAH. = 1.0

Optimal objective value: 0.001366194650768593
