AYDIN GERMENCÝK Belediyesi Seçilen Mahalleler

c_DEREKOY_MAH. = 0.4687788941752433
c_KARAAGACLI_MAH. = 0.5312211058247567
x_DEREKOY_MAH. = 1.0
x_KARAAGACLI_MAH. = 1.0

Optimal objective value: 0.0006229402179214194
