AYDIN KÖÞK Belediyesi Seçilen Mahalleler

c_GOKKIRIS_MAH. = 0.5325516479916579
c_MENTESELER_MAH. = 0.4674483520083421
x_GOKKIRIS_MAH. = 1.0
x_MENTESELER_MAH. = 1.0

Optimal objective value: 0.0005231438691339907
