AYDIN KOÇARLI Belediyesi Seçilen Mahalleler

c_ADNAN_MENDERES_MAH. = 0.8192420691364515
c_DEREKOY_MAH. = 0.18075793086354852
x_ADNAN_MENDERES_MAH. = 1.0
x_DEREKOY_MAH. = 1.0

Optimal objective value: 0.0003609756459669322
