AYDIN KUÞADASI Belediyesi Seçilen Mahalleler

c_ALACAMESCIT_MAH. = 0.22713006845488523
c_YAVANSU_MAH. = 0.7728699315451147
x_ALACAMESCIT_MAH. = 1.0
x_YAVANSU_MAH. = 1.0

Optimal objective value: 0.0005777886433395718
