BALIKESIR ÝVRÝNDÝ Belediyesi Seçilen Mahalleler

c_AYAKLI_MAH. = 0.6308766050306066
c_YAGLILAR_MAH. = 0.3691233949693934
x_AYAKLI_MAH. = 1.0
x_YAGLILAR_MAH. = 1.0

Optimal objective value: 0.0009474922446337519
