BALIKESIR GÖNEN Belediyesi Seçilen Mahalleler

c_100.YIL_MAH. = 0.761741445718004
c_CINARPINAR_MAH. = 0.23825855428199608
x_100.YIL_MAH. = 1.0
x_CINARPINAR_MAH. = 1.0

Optimal objective value: 0.0001651751170982374
