BALIKESIR AYVALIK Belediyesi Seçilen Mahalleler

c_BESIKTEPE_MAH. = 0.5306828356706406
c_NAMIK_KEMAL_MAH. = 0.4693171643293594
x_BESIKTEPE_MAH. = 1.0
x_NAMIK_KEMAL_MAH. = 1.0

Optimal objective value: 0.005646510558957263
