BALIKESIR SAVAÞTEPE Belediyesi Seçilen Mahalleler

c_KOCAOREN_MAH. = 0.35294150103456434
c_SARISULEYMANLAR_MAH. = 0.6470584989654357
x_KOCAOREN_MAH. = 1.0
x_SARISULEYMANLAR_MAH. = 1.0

Optimal objective value: 0.0006058202462240203
