BALIKESIR BALYA Belediyesi Seçilen Mahalleler

c_CAKALLAR_MAH. = 0.5794585872298272
c_CARMIK_MAH. = 0.4205414127701727
x_CAKALLAR_MAH. = 1.0
x_CARMIK_MAH. = 1.0

Optimal objective value: 0.000929883524785402
