BALIKESIR ERDEK Belediyesi Seçilen Mahalleler

c_ORMANLI_MAH. = 0.17749603964886818
c_ILHAN_MAH. = 0.8225039603511318
x_ORMANLI_MAH. = 1.0
x_ILHAN_MAH. = 1.0

Optimal objective value: 0.0005609135370521212
