BALIKESIR KARESÝ Belediyesi Seçilen Mahalleler

c_NAIPLI_MAH. = 0.8489079337689883
c_CANACIK_MAH. = 0.15109206623101168
x_NAIPLI_MAH. = 1.0
x_CANACIK_MAH. = 1.0

Optimal objective value: 0.001498328341399624
