BALIKESIR HAVRAN Belediyesi Seçilen Mahalleler

c_BUYUKDERE_MAH. = 0.5509741016041202
c_DEREOREN_MAH. = 0.4490258983958798
x_BUYUKDERE_MAH. = 1.0
x_DEREOREN_MAH. = 1.0

Optimal objective value: 0.00016933925213469259
