BALIKESIR DURSUNBEY Belediyesi Seçilen Mahalleler

c_CANAKCI_MAH. = 0.3335726889771853
c_ORENKOY_MAH. = 0.6664273110228147
x_CANAKCI_MAH. = 1.0
x_ORENKOY_MAH. = 1.0

Optimal objective value: 0.0009951438078646957
