BALIKESIR BURHANÝYE Belediyesi Seçilen Mahalleler

c_GERIS_MAH. = 0.7278351144172245
c_PELITKOY_MAH. = 0.2721648855827755
x_GERIS_MAH. = 1.0
x_PELITKOY_MAH. = 1.0

Optimal objective value: 0.0008607710014969516
