BALIKESIR MARMARA Belediyesi Seçilen Mahalleler

c_ASMALI_MAH. = 0.41634930137957116
c_CUMHURIYET_MAH. = 0.5836506986204288
x_ASMALI_MAH. = 1.0
x_CUMHURIYET_MAH. = 1.0

Optimal objective value: 0.0001642403038166762
