BALIKESIR MANYAS Belediyesi Seçilen Mahalleler

c_ESKICATAL_MAH. = 0.36633992878143673
c_MALTEPE_MAH. = 0.6336600712185633
x_ESKICATAL_MAH. = 1.0
x_MALTEPE_MAH. = 1.0

Optimal objective value: 0.00016206799099660607
