BALIKESIR EDREMÝT Belediyesi Seçilen Mahalleler

c_HACIARSLANLAR_MAH. = 0.11396552997865506
c_NARLI_MAH. = 0.8860344700213449
x_HACIARSLANLAR_MAH. = 1.0
x_NARLI_MAH. = 1.0

Optimal objective value: 0.004871523980374715
