BALIKESIR SINDIRGI Belediyesi Seçilen Mahalleler

c_KOCABEY_MAH. = 0.6558890528185612
c_UMURLAR_MAH. = 0.34411094718143875
x_KOCABEY_MAH. = 1.0
x_UMURLAR_MAH. = 1.0

Optimal objective value: 0.0006987047202631214
