BALIKESIR KEPSUT Belediyesi Seçilen Mahalleler

c_KASAPZADE_MAH. = 0.4652921618753716
c_MESTANLAR_MAH. = 0.5347078381246284
x_KASAPZADE_MAH. = 1.0
x_MESTANLAR_MAH. = 1.0

Optimal objective value: 0.00025634226718551645
