BALIKESIR GÖMEÇ Belediyesi Seçilen Mahalleler

c_ULUBEYLER_MAH. = 0.4546927744360407
c_YAYA_MAH. = 0.5453072255639593
x_ULUBEYLER_MAH. = 1.0
x_YAYA_MAH. = 1.0

Optimal objective value: 0.0010204276109505583
