BALIKESIR ALTIEYLÜL Belediyesi Seçilen Mahalleler

c_HACI_ILBEY_MAH. = 0.664257351290499
c_MERYEMDERE_MAH. = 0.335742648709501
x_HACI_ILBEY_MAH. = 1.0
x_MERYEMDERE_MAH. = 1.0

Optimal objective value: 0.0007894232673704149
