BALIKESIR BÝGADÝÇ Belediyesi Seçilen Mahalleler

c_4_EYLUL_MAH. = 0.8867856197118896
c_ISKELEKOY_MAH. = 0.11321438028811033
x_4_EYLUL_MAH. = 1.0
x_ISKELEKOY_MAH. = 1.0

Optimal objective value: 0.0006228372957307604
