BARTIN ULUS - ABDÝPAÞA Belediyesi Seçilen Mahalleler

c_ABDIPASA-DERECIK_MAH. = 0.2563638725673094
c_ABDIPASA-YESILPAZAR_MAH. = 0.7436361274326906
x_ABDIPASA-DERECIK_MAH. = 1.0
x_ABDIPASA-YESILPAZAR_MAH. = 1.0

Optimal objective value: 0.00032157533673415895
