BARTIN BARTIN MERKEZ Belediyesi Seçilen Mahalleler

c_ALADAG_MAH. = 0.2743560434620119
c_TUNA_MAH. = 0.7256439565379881
x_ALADAG_MAH. = 1.0
x_TUNA_MAH. = 1.0

Optimal objective value: 0.0007195847721140902
