BARTIN KURUCAÞÝLE Belediyesi Seçilen Mahalleler

c_KARGACAK_MAH. = 0.5748780310177478
c_LIMAN_MAH. = 0.4251219689822522
x_KARGACAK_MAH. = 1.0
x_LIMAN_MAH. = 1.0

Optimal objective value: 0.0007804693776410909
