BARTIN ULUS - KUMLUCA Belediyesi Seçilen Mahalleler

c_KUMLUCA-MERKEZ_MAH. = 0.5076786223733422
c_KUMLUCA-YENI_MAH. = 0.49232137762665784
x_KUMLUCA-MERKEZ_MAH. = 1.0
x_KUMLUCA-YENI_MAH. = 1.0

Optimal objective value: 0.00010247814438935077
