BARTIN ULUS Belediyesi Seçilen Mahalleler

c_KALDIRIM_MAH. = 0.5808371541770134
c_KASIMLAR_MAH. = 0.4191628458229866
x_KALDIRIM_MAH. = 1.0
x_KASIMLAR_MAH. = 1.0

Optimal objective value: 0.00037341233538645824
