BATMAN BEÞÝRÝ - ÝKÝKÖPRÜ Belediyesi Seçilen Mahalleler

c_IKIKOPRU-KARADUMAN_MAH. = 0.18289012966947454
c_IKIKOPRU-KIYANC_MAH. = 0.8171098703305255
x_IKIKOPRU-KARADUMAN_MAH. = 1.0
x_IKIKOPRU-KIYANC_MAH. = 1.0

Optimal objective value: 0.0008324627202160872
