BATMAN KOZLUK Belediyesi Seçilen Mahalleler

c_CAYBASI_MAH. = 0.2931372068329702
c_SEMDINAGA_MAH. = 0.7068627931670298
x_CAYBASI_MAH. = 1.0
x_SEMDINAGA_MAH. = 1.0

Optimal objective value: 0.0006391078378196191
