BATMAN SASON - YÜCEBAÐ Belediyesi Seçilen Mahalleler

c_YUCEBAG-AYDINLIK_MAH. = 0.17119620823320625
c_YUCEBAG-YILDIZ_MAH. = 0.8288037917667938
x_YUCEBAG-AYDINLIK_MAH. = 1.0
x_YUCEBAG-YILDIZ_MAH. = 1.0

Optimal objective value: 0.000563967906488605
