BATMAN HASANKEYF Belediyesi Seçilen Mahalleler

c_BAHCELIEVLER_MAH. = 0.6805340705539018
c_KALE_MAH. = 0.31946592944609864
x_BAHCELIEVLER_MAH. = 1.0
x_KALE_MAH. = 1.0

Optimal objective value: 0.0022507643397233768
