BATMAN BEÞÝRÝ Belediyesi Seçilen Mahalleler

c_CUMHURIYET_MAH. = 0.15981737909975413
c_MILLI_EGEMENLIK_MAH. = 0.8401826209002459
x_CUMHURIYET_MAH. = 1.0
x_MILLI_EGEMENLIK_MAH. = 1.0

Optimal objective value: 0.0005366839188004624
