BATMAN BATMAN MERKEZ Belediyesi Seçilen Mahalleler

c_19_MAYIS_MAH. = 0.27106161918761695
c_SAFAK_MAH. = 0.728938380812383
x_19_MAYIS_MAH. = 1.0
x_SAFAK_MAH. = 1.0

Optimal objective value: 0.00045885388390454196
