BATMAN GERCÜÞ Belediyesi Seçilen Mahalleler

c_BAGLARBASI_MAH. = 0.9808674984978462
c_PINARBASI_MAH. = 0.019132501502153842
x_BAGLARBASI_MAH. = 1.0
x_PINARBASI_MAH. = 1.0

Optimal objective value: 0.0012933866822223417
