BAYBURT BAYBURT MERKEZ Belediyesi Seçilen Mahalleler

c_CAMIIKEBIR_MAH. = 0.29204220400474795
c_ESENTEPE_MAH. = 0.7079577959952521
x_CAMIIKEBIR_MAH. = 1.0
x_ESENTEPE_MAH. = 1.0

Optimal objective value: 0.000757172688097385
