BAYBURT AYDINTEPE Belediyesi Seçilen Mahalleler

c_KALE_MAH. = 0.14109476380939187
c_YAKUDIYE_MAH. = 0.8589052361906081
x_KALE_MAH. = 1.0
x_YAKUDIYE_MAH. = 1.0

Optimal objective value: 0.0002772927593761576
