BILECIK BOZÜYÜK Belediyesi Seçilen Mahalleler

c_4_EYLUL_MAH. = 0.9467812657879685
c_AKPINAR_MAH. = 0.053218734212031445
x_4_EYLUL_MAH. = 1.0
x_AKPINAR_MAH. = 1.0

Optimal objective value: 0.0006823138740102985
