BILECIK BÝLECÝK MERKEZ - BAYIRKÖY Belediyesi Seçilen Mahalleler

c_BAYIRKOY-GAZI_MAH. = 0.9422414560060359
c_BAYIRKOY-SARMASIK_MAH. = 0.05775854399396407
x_BAYIRKOY-GAZI_MAH. = 1.0
x_BAYIRKOY-SARMASIK_MAH. = 1.0

Optimal objective value: 0.0011389671591522932
