BILECIK BÝLECÝK MERKEZ Belediyesi Seçilen Mahalleler

c_BAHCELIEVLER_MAH. = 0.43020866665859947
c_ISTIKLAL_MAH. = 0.5697913333414005
x_BAHCELIEVLER_MAH. = 1.0
x_ISTIKLAL_MAH. = 1.0

Optimal objective value: 0.0025719002402651014
