BILECIK GÖLPAZARI Belediyesi Seçilen Mahalleler

c_RESADIYE_MAH. = 0.5393020881141244
c_ISMETPASA_MAH. = 0.46069791188587567
x_RESADIYE_MAH. = 1.0
x_ISMETPASA_MAH. = 1.0

Optimal objective value: 0.0008269751357982136
