BILECIK BÝLECÝK MERKEZ - VEZÝRHAN Belediyesi Seçilen Mahalleler

c_VEZIRHAN-YENI_MAH. = 0.7739456979709212
c_VEZIRHAN-ISTASYON_MAH. = 0.22605430202907878
x_VEZIRHAN-YENI_MAH. = 1.0
x_VEZIRHAN-ISTASYON_MAH. = 1.0

Optimal objective value: 0.00014766375673547216
