BILECIK SÖÐÜT Belediyesi Seçilen Mahalleler

c_BALABAN_MAH. = 0.13403705585349393
c_CUMHURIYET_MAH. = 0.8659629441465061
x_BALABAN_MAH. = 1.0
x_CUMHURIYET_MAH. = 1.0

Optimal objective value: 0.0005134814132887744
