BINGOL KÝÐI Belediyesi Seçilen Mahalleler

c_ESKISEHIR_MAH. = 0.14330178619207035
c_YENISEHIR_MAH. = 0.8566982138079297
x_ESKISEHIR_MAH. = 1.0
x_YENISEHIR_MAH. = 1.0

Optimal objective value: 0.0008309385444996709
