BINGOL SOLHAN Belediyesi Seçilen Mahalleler

c_HALIME_PINAR_MAH. = 0.5044332016145107
c_YENI_MAH. = 0.49556679838548934
x_HALIME_PINAR_MAH. = 1.0
x_YENI_MAH. = 1.0

Optimal objective value: 0.000504445411877108
