BINGOL BÝNGÖL MERKEZ - SANCAK Belediyesi Seçilen Mahalleler

c_SANCAK-KARAPINAR_MAH. = 0.8085218608424726
c_SANCAK-YESILOVA_MAH. = 0.19147813915752743
x_SANCAK-KARAPINAR_MAH. = 1.0
x_SANCAK-YESILOVA_MAH. = 1.0

Optimal objective value: 0.0029485889950631172
