BINGOL ADAKLI Belediyesi Seçilen Mahalleler

c_AFET_KONUTLARI_MAH. = 0.46303258566527433
c_MERKEZ_MAH. = 0.5369674143347256
x_AFET_KONUTLARI_MAH. = 1.0
x_MERKEZ_MAH. = 1.0

Optimal objective value: 0.003429899003355108
