BINGOL GENÇ Belediyesi Seçilen Mahalleler

c_KULTUR_MAH. = 0.5143167753582556
c_YENISEHIR_MAH. = 0.4856832246417444
x_KULTUR_MAH. = 1.0
x_YENISEHIR_MAH. = 1.0

Optimal objective value: 0.0003828246610386721
