BINGOL KARLIOVA Belediyesi Seçilen Mahalleler

c_TURGUT_OZAL_MAH. = 0.5287678132009256
c_YESILYURT_MAH. = 0.4712321867990744
x_TURGUT_OZAL_MAH. = 1.0
x_YESILYURT_MAH. = 1.0

Optimal objective value: 0.0006616974895010674
