BINGOL YAYLADERE Belediyesi Seçilen Mahalleler

c_HAKTANIR_MAH. = 0.30149597072902823
c_MERKEZ_MAH. = 0.6985040292709718
x_HAKTANIR_MAH. = 1.0
x_MERKEZ_MAH. = 1.0

Optimal objective value: 0.0061998451288881595
