BITLIS MUTKÝ - KAVAKBAÞI Belediyesi Seçilen Mahalleler

c_KAVAKBASI-CAMI_MAH. = 0.5979000257416772
c_KAVAKBASI-CIMEN_MAH. = 0.4020999742583228
x_KAVAKBASI-CAMI_MAH. = 1.0
x_KAVAKBASI-CIMEN_MAH. = 1.0

Optimal objective value: 0.03106185498070091
