BITLIS BÝTLÝS MERKEZ - YOLALAN Belediyesi Seçilen Mahalleler

c_YOLALAN-KALE_MAH. = 0.8694181330461294
c_YOLALAN-UC_KARDES_MAH. = 0.13058186695387064
x_YOLALAN-KALE_MAH. = 1.0
x_YOLALAN-UC_KARDES_MAH. = 1.0

Optimal objective value: 0.018888661425910058
