BITLIS BÝTLÝS MERKEZ Belediyesi Seçilen Mahalleler

c_ATATURK_MAH. = 0.30974041957663084
c_INONU_MAH. = 0.6902595804233691
x_ATATURK_MAH. = 1.0
x_INONU_MAH. = 1.0

Optimal objective value: 0.002411198488349253
