BITLIS AHLAT Belediyesi Seçilen Mahalleler

c_ERKIZAN_MAH. = 0.469913664140149
c_IKI_KUBBE_MAH. = 0.530086335859851
x_ERKIZAN_MAH. = 1.0
x_IKI_KUBBE_MAH. = 1.0

Optimal objective value: 0.0004502579521646899
