BITLIS GÜROYMAK - GÜNKIRI Belediyesi Seçilen Mahalleler

c_GUNKIRI-CAMI_MAH. = 0.16301436799906843
c_GUNKIRI-HURRIYET_MAH. = 0.8369856320009316
x_GUNKIRI-CAMI_MAH. = 1.0
x_GUNKIRI-HURRIYET_MAH. = 1.0

Optimal objective value: 0.0063641931555668
