BITLIS GÜROYMAK - GÖLBAÞI Belediyesi Seçilen Mahalleler

c_GOLBASI-KOSK_MAH. = 0.38845899756224034
c_GOLBASI-SENYAYLA_MAH. = 0.6115410024377597
x_GOLBASI-KOSK_MAH. = 1.0
x_GOLBASI-SENYAYLA_MAH. = 1.0

Optimal objective value: 0.0008767785450007892
