BITLIS MUTKÝ Belediyesi Seçilen Mahalleler

c_PINARBASI_MAH. = 0.3005472443595745
c_TASLI_PINAR_MAH. = 0.6994527556404255
x_PINARBASI_MAH. = 1.0
x_TASLI_PINAR_MAH. = 1.0

Optimal objective value: 0.15632899216249707
