BITLIS ADÝLCEVAZ Belediyesi Seçilen Mahalleler

c_ATATURK_MAH. = 0.4435811450245989
c_CAYIR_MAH. = 0.5564188549754011
x_ATATURK_MAH. = 1.0
x_CAYIR_MAH. = 1.0

Optimal objective value: 0.005949834761527106
