BITLIS HÝZAN Belediyesi Seçilen Mahalleler

c_BAHCELIEVLER_MAH. = 0.29434537929231197
c_YENI_KENT_MAH. = 0.705654620707688
x_BAHCELIEVLER_MAH. = 1.0
x_YENI_KENT_MAH. = 1.0

Optimal objective value: 0.004402792099514663
