BITLIS AHLAT - OVAKIÞLA Belediyesi Seçilen Mahalleler

c_OVAKISLA-KURTULUS_MAH. = 0.4981704175167214
c_OVAKISLA-SARAY_MAH. = 0.5018295824832786
x_OVAKISLA-KURTULUS_MAH. = 1.0
x_OVAKISLA-SARAY_MAH. = 1.0

Optimal objective value: 0.11088847883720021
