BITLIS TATVAN Belediyesi Seçilen Mahalleler

c_FATIH_MAH. = 0.4750885717029246
c_YESILMEZRA_MAH. = 0.5249114282970754
x_FATIH_MAH. = 1.0
x_YESILMEZRA_MAH. = 1.0

Optimal objective value: 0.0005649944431409537
