BITLIS GÜROYMAK Belediyesi Seçilen Mahalleler

c_BARAJYOLU_MAH. = 0.056591607360370944
c_HAYDAR_MAH. = 0.9434083926396291
x_BARAJYOLU_MAH. = 1.0
x_HAYDAR_MAH. = 1.0

Optimal objective value: 0.000738143450542017
