BOLU BOLU MERKEZ Belediyesi Seçilen Mahalleler

c_AKPINAR_MAH. = 0.38620209992805943
c_IHSANIYE_MAH. = 0.6137979000719406
x_AKPINAR_MAH. = 1.0
x_IHSANIYE_MAH. = 1.0

Optimal objective value: 0.0005601992374302256
