BOLU MENGEN Belediyesi Seçilen Mahalleler

c_TABAKLAR_YAZIYAKA_MAH. = 0.28114907422539515
c_TURKBEYLI_MAH. = 0.7188509257746049
x_TABAKLAR_YAZIYAKA_MAH. = 1.0
x_TURKBEYLI_MAH. = 1.0

Optimal objective value: 0.0006259403191134494
