BOLU DÖRTDÝVAN Belediyesi Seçilen Mahalleler

c_ADAKINIK_MAH. = 0.6861813337300883
c_DEVECILER_MAH. = 0.31381866626991173
x_ADAKINIK_MAH. = 1.0
x_DEVECILER_MAH. = 1.0

Optimal objective value: 0.0025282746741766005
