BOLU GÖYNÜK Belediyesi Seçilen Mahalleler

c_YENICE_MAH. = 0.2054323282564387
c_CESME_MAH. = 0.7945676717435612
x_YENICE_MAH. = 1.0
x_CESME_MAH. = 1.0

Optimal objective value: 0.0013254268714910644
