BOLU KIBRISCIK Belediyesi Seçilen Mahalleler

c_KARADOGAN_MAH. = 0.3925769084130818
c_KOROGLU_MAH. = 0.6074230915869183
x_KARADOGAN_MAH. = 1.0
x_KOROGLU_MAH. = 1.0

Optimal objective value: 0.08712551464560747
