BOLU MUDURNU Belediyesi Seçilen Mahalleler

c_SEYRANCIK_MAH. = 0.4822545329128187
c_YILDIRIM_BAYAZID_MAH. = 0.5177454670871813
x_SEYRANCIK_MAH. = 1.0
x_YILDIRIM_BAYAZID_MAH. = 1.0

Optimal objective value: 0.0007607719302804572
