BURDUR ÇAVDIR - SÖÐÜT Belediyesi Seçilen Mahalleler

c_SOGUT-PAZAR_MAH. = 0.6931050962241476
c_SOGUT-CESME_MAH. = 0.30689490377585243
x_SOGUT-PAZAR_MAH. = 1.0
x_SOGUT-CESME_MAH. = 1.0

Optimal objective value: 0.010103742909920554
