BURDUR ÇAVDIR Belediyesi Seçilen Mahalleler

c_BAYIR_MAH. = 0.25734972894884567
c_KOCAPINAR_MAH. = 0.7426502710511543
x_BAYIR_MAH. = 1.0
x_KOCAPINAR_MAH. = 1.0

Optimal objective value: 0.0008472800055908669
