BURDUR YEÞÝLOVA Belediyesi Seçilen Mahalleler

c_BAHCELIEVLER_MAH. = 0.54012973739486
c_KAYADIBI_MAH. = 0.45987026260513997
x_BAHCELIEVLER_MAH. = 1.0
x_KAYADIBI_MAH. = 1.0

Optimal objective value: 0.000739142565609141
