BURDUR ALTINYAYLA Belediyesi Seçilen Mahalleler

c_HEYBELI_MAH. = 0.5630583254623056
c_TASYAKA_MAH. = 0.43694167453769445
x_HEYBELI_MAH. = 1.0
x_TASYAKA_MAH. = 1.0

Optimal objective value: 0.00034387408834246624
