BURDUR BURDUR MERKEZ Belediyesi Seçilen Mahalleler

c_AKIN_MAH. = 0.25236976292005164
c_SINAN_MAH. = 0.7476302370799484
x_AKIN_MAH. = 1.0
x_SINAN_MAH. = 1.0

Optimal objective value: 0.0003735369751070028
