BURDUR KEMER Belediyesi Seçilen Mahalleler

c_SARAY_MAH. = 0.3759545637978777
c_YENI_CAMII_MAH. = 0.6240454362021223
x_SARAY_MAH. = 1.0
x_YENI_CAMII_MAH. = 1.0

Optimal objective value: 0.0021800461729493126
