BURDUR KARAMANLI Belediyesi Seçilen Mahalleler

c_BARBAROS_MAH. = 0.36876894102854507
c_ESELER_MAH. = 0.6312310589714549
x_BARBAROS_MAH. = 1.0
x_ESELER_MAH. = 1.0

Optimal objective value: 0.0005757543387382436
