BURDUR BUCAK Belediyesi Seçilen Mahalleler

c_BARBOROS_MAH. = 0.4959901536629191
c_MEHMET_AKIF_MAH. = 0.5040098463370809
x_BARBOROS_MAH. = 1.0
x_MEHMET_AKIF_MAH. = 1.0

Optimal objective value: 0.0010996819103591404
