BURDUR BUCAK - KIZILKAYA Belediyesi Seçilen Mahalleler

c_KIZILKAYA-AVDAN__MAH. = 0.6275104503755529
c_KIZILKAYA-PAZAR_MAH. = 0.37248954962444714
x_KIZILKAYA-AVDAN__MAH. = 1.0
x_KIZILKAYA-PAZAR_MAH. = 1.0

Optimal objective value: 0.0009391881183278272
