BURSA MUDANYA Belediyesi Seçilen Mahalleler

c_GUZELYALI_YALI_MAH. = 0.815875360205407
c_HANCERLI_MAH. = 0.18412463979459298
x_GUZELYALI_YALI_MAH. = 1.0
x_HANCERLI_MAH. = 1.0

Optimal objective value: 0.0011006479056503427
