BURSA ÝNEGÖL Belediyesi Seçilen Mahalleler

c_KESTANEALANI_MAH. = 0.14624974206855812
c_ORHANIYE_MAH. = 0.8537502579314419
x_KESTANEALANI_MAH. = 1.0
x_ORHANIYE_MAH. = 1.0

Optimal objective value: 0.0005413964103704316
