BURSA KARACABEY Belediyesi Seçilen Mahalleler

c_SAZLICA_MAH. = 0.2476211686980132
c_CAVUS_MAH. = 0.7523788313019868
x_SAZLICA_MAH. = 1.0
x_CAVUS_MAH. = 1.0

Optimal objective value: 0.003125638069254366
