BURSA ORHANGAZÝ Belediyesi Seçilen Mahalleler

c_GEDELEK_MAH. = 0.5780316132725928
c_PASAPINAR_MAH. = 0.4219683867274072
x_GEDELEK_MAH. = 1.0
x_PASAPINAR_MAH. = 1.0

Optimal objective value: 0.008028086139915125
