BURSA ORHANELÝ Belediyesi Seçilen Mahalleler

c_300_EVLER_MAH. = 0.6932977339713149
c_ALTINTAS_MAH. = 0.30670226602868517
x_300_EVLER_MAH. = 1.0
x_ALTINTAS_MAH. = 1.0

Optimal objective value: 0.0006982234304919732
