BURSA OSMANGAZÝ Belediyesi Seçilen Mahalleler

c_SOGUKPINAR_MAH. = 0.15730563175356793
c_TAYAKADIN_MAH. = 0.8426943682464321
x_SOGUKPINAR_MAH. = 1.0
x_TAYAKADIN_MAH. = 1.0

Optimal objective value: 0.0009108516899215546
