BURSA GÜRSU Belediyesi Seçilen Mahalleler

c_KURTULUS_MAH. = 0.8623562239872843
c_IGDIRKOYU_MAH. = 0.1376437760127157
x_KURTULUS_MAH. = 1.0
x_IGDIRKOYU_MAH. = 1.0

Optimal objective value: 0.000469283380259089
