BURSA KESTEL Belediyesi Seçilen Mahalleler

c_AHMETVEFIKPASA_MAH. = 0.8142623253481366
c_LUTFIYE_MAH. = 0.18573767465186342
x_AHMETVEFIKPASA_MAH. = 1.0
x_LUTFIYE_MAH. = 1.0

Optimal objective value: 0.001121802015989215
