BURSA MUSTAFAKEMALPAÞA Belediyesi Seçilen Mahalleler

c_OCAKLI_MAH. = 0.4975982277166082
c_SAPCI_MAH. = 0.5024017722833918
x_OCAKLI_MAH. = 1.0
x_SAPCI_MAH. = 1.0

Optimal objective value: 0.00040527266195289346
