BURSA HARMANCIK Belediyesi Seçilen Mahalleler

c_GOKCELER_MAH. = 0.3484331794412333
c_OKCULAR_MAH. = 0.6515668205587667
x_GOKCELER_MAH. = 1.0
x_OKCULAR_MAH. = 1.0

Optimal objective value: 0.0003524157541950901
