BURSA BÜYÜKORHAN Belediyesi Seçilen Mahalleler

c_HACILAR_MAH. = 0.6114822162876916
c_HOCAHASAN_MAH. = 0.38851778371230833
x_HACILAR_MAH. = 1.0
x_HOCAHASAN_MAH. = 1.0

Optimal objective value: 0.00011769812567119509
