BURSA YILDIRIM Belediyesi Seçilen Mahalleler

c_152EVLER_MAH. = 0.424620572465496
c_DEMETEVLER_MAH. = 0.575379427534504
x_152EVLER_MAH. = 1.0
x_DEMETEVLER_MAH. = 1.0

Optimal objective value: 0.0014703268676757864
