CANAKKALE YENÝCE Belediyesi Seçilen Mahalleler

c_ESKI_YENICE_MAH. = 0.4201985785336031
c_KURTULUS_MAH. = 0.5798014214663969
x_ESKI_YENICE_MAH. = 1.0
x_KURTULUS_MAH. = 1.0

Optimal objective value: 0.0054821842713144164
