CANAKKALE GÖKÇEADA Belediyesi Seçilen Mahalleler

c_CUMHURIYET_MAH. = 0.5614848115838744
c_FATIH_MAH. = 0.4385151884161256
x_CUMHURIYET_MAH. = 1.0
x_FATIH_MAH. = 1.0

Optimal objective value: 0.0013279256594703748
