CANAKKALE LAPSEKÝ Belediyesi Seçilen Mahalleler

c_CUMHURIYET_MAH. = 0.9251010896641124
c_DALYAN_MAH. = 0.07489891033588758
x_CUMHURIYET_MAH. = 1.0
x_DALYAN_MAH. = 1.0

Optimal objective value: 0.003138990241226436
