CANAKKALE ECEABAT Belediyesi Seçilen Mahalleler

c_KEMALPASA_MAH. = 0.42612280088827087
c_ISMETPASA_MAH. = 0.5738771991117291
x_KEMALPASA_MAH. = 1.0
x_ISMETPASA_MAH. = 1.0

Optimal objective value: 1.583402945914969e-05
