CANAKKALE AYVACIK Belediyesi Seçilen Mahalleler

c_HAMDIBEY_MAH. = 0.7931328497273553
c_UMMUHAN_MAH. = 0.20686715027264463
x_HAMDIBEY_MAH. = 1.0
x_UMMUHAN_MAH. = 1.0

Optimal objective value: 0.0002647434482849764
