CANAKKALE ÇAN Belediyesi Seçilen Mahalleler

c_KARSIYAKA_MAH. = 0.6562012882617773
c_OSMANEFENDI_MAH. = 0.34379871173822274
x_KARSIYAKA_MAH. = 1.0
x_OSMANEFENDI_MAH. = 1.0

Optimal objective value: 0.0002404817850585328
