CANAKKALE EZÝNE Belediyesi Seçilen Mahalleler

c_CAMIKEBIR_MAH. = 0.721647272188217
c_CUMHURIYET_MAH. = 0.278352727811783
x_CAMIKEBIR_MAH. = 1.0
x_CUMHURIYET_MAH. = 1.0

Optimal objective value: 7.081041736933802e-05
