CANAKKALE GELÝBOLU Belediyesi Seçilen Mahalleler

c_CAMIIKEBIR_MAH. = 0.4245858706025992
c_YAZICIZADE_MAH. = 0.5754141293974008
x_CAMIIKEBIR_MAH. = 1.0
x_YAZICIZADE_MAH. = 1.0

Optimal objective value: 0.00021231766562690435
