CANAKKALE BAYRAMÝÇ Belediyesi Seçilen Mahalleler

c_MENDERES_MAH. = 0.15471147261895268
c_TEPECIK_MAH. = 0.8452885273810473
x_MENDERES_MAH. = 1.0
x_TEPECIK_MAH. = 1.0

Optimal objective value: 0.00012658227162531954
