CANAKKALE BÝGA Belediyesi Seçilen Mahalleler

c_CUMHURIYET_MAH. = 0.9913552869886851
c_GAZIKEMAL_MAH. = 0.008644713011314864
x_CUMHURIYET_MAH. = 1.0
x_GAZIKEMAL_MAH. = 1.0

Optimal objective value: 0.00044900403296965763
