CANAKKALE ÇANAKKALE MERKEZ Belediyesi Seçilen Mahalleler

c_BARBAROS_MAH. = 0.6617998308743126
c_CEVAT_PASA_MAH. = 0.3382001691256874
x_BARBAROS_MAH. = 1.0
x_CEVAT_PASA_MAH. = 1.0

Optimal objective value: 0.0008644667710898668
