CANAKKALE BOZCAADA Belediyesi Seçilen Mahalleler

c_ALAYBEY_MAH. = 0.42741689199078997
c_CUMHURIYET_MAH. = 0.5725831080092101
x_ALAYBEY_MAH. = 1.0
x_CUMHURIYET_MAH. = 1.0

Optimal objective value: 8.746703510031928e-06
