CANAKKALE GELÝBOLU - EVREÞE Belediyesi Seçilen Mahalleler

c_EVRESE-YENI_MAH. = 0.5347688087131925
c_EVRESE-CESME_MAH. = 0.4652311912868075
x_EVRESE-YENI_MAH. = 1.0
x_EVRESE-CESME_MAH. = 1.0

Optimal objective value: 4.448125868483643e-05
