CANKIRI YAPRAKLI Belediyesi Seçilen Mahalleler

c_ASAGI_MAH. = 0.6923075168210175
c_YUKARI_MAH. = 0.3076924831789825
x_ASAGI_MAH. = 1.0
x_YUKARI_MAH. = 1.0

Optimal objective value: 0.0020630159797383474
