CANKIRI ORTA Belediyesi Seçilen Mahalleler

c_KANLICA_MAH. = 0.4907142739452611
c_SULTAN_BEYAZIT_MAH. = 0.5092857260547389
x_KANLICA_MAH. = 1.0
x_SULTAN_BEYAZIT_MAH. = 1.0

Optimal objective value: 0.006013719908672499
