CANKIRI KURÞUNLU Belediyesi Seçilen Mahalleler

c_BESPINAR_MAH. = 0.12170986586651855
c_MUSLUM_MAH. = 0.8782901341334814
x_BESPINAR_MAH. = 1.0
x_MUSLUM_MAH. = 1.0

Optimal objective value: 0.0011290335037279497
