CANKIRI BAYRAMÖREN Belediyesi Seçilen Mahalleler

c_MERKEZ_MAH. = 0.7521949969205878
c_ZUBEYDE_HANIM_MAH. = 0.24780500307941222
x_MERKEZ_MAH. = 1.0
x_ZUBEYDE_HANIM_MAH. = 1.0

Optimal objective value: 0.00023339674782785202
