CANKIRI ELDÝVAN Belediyesi Seçilen Mahalleler

c_BAHCELIEVLER_MAH. = 0.8401834477047934
c_BEYDERE_MAH. = 0.15981655229520664
x_BAHCELIEVLER_MAH. = 1.0
x_BEYDERE_MAH. = 1.0

Optimal objective value: 0.0001654098659059633
