CANKIRI KIZILIRMAK Belediyesi Seçilen Mahalleler

c_OSMANLI_MAH. = 0.41471559304754047
c_YENI_MAH. = 0.5852844069524595
x_OSMANLI_MAH. = 1.0
x_YENI_MAH. = 1.0

Optimal objective value: 0.0002150062716153034
