CANKIRI ÇANKIRI MERKEZ Belediyesi Seçilen Mahalleler

c_ABDULHALIK_RENDA_MAH. = 0.6625913711361662
c_FATIH_MAH. = 0.3374086288638338
x_ABDULHALIK_RENDA_MAH. = 1.0
x_FATIH_MAH. = 1.0

Optimal objective value: 0.00014162189534017156
