CORUM OSMANCIK Belediyesi Seçilen Mahalleler

c_CUMHURIYET_MAH. = 0.8191942324685602
c_CIFTLIKLER_MAH. = 0.1808057675314399
x_CUMHURIYET_MAH. = 1.0
x_CIFTLIKLER_MAH. = 1.0

Optimal objective value: 0.0006838715858703548
