CORUM ÇORUM MERKEZ - DÜVENCÝ Belediyesi Seçilen Mahalleler

c_DUVENCI-KULTAK_MAH. = 0.18488805308509704
c_DUVENCI-IKIPINAR_MAH. = 0.815111946914903
x_DUVENCI-KULTAK_MAH. = 1.0
x_DUVENCI-IKIPINAR_MAH. = 1.0

Optimal objective value: 0.023982181060563046
