CORUM ÝSKÝLÝP Belediyesi Seçilen Mahalleler

c_ERENLER_MAH. = 0.35013572860093756
c_HACIPIRI_MAH. = 0.6498642713990624
x_ERENLER_MAH. = 1.0
x_HACIPIRI_MAH. = 1.0

Optimal objective value: 0.0007654671743047015
