CORUM UÐURLUDAÐ Belediyesi Seçilen Mahalleler

c_KARSIYAKA_MAH. = 0.6174231546878528
c_YUZGEC_MAH. = 0.3825768453121472
x_KARSIYAKA_MAH. = 1.0
x_YUZGEC_MAH. = 1.0

Optimal objective value: 0.0004433242399757287
