CORUM KARGI Belediyesi Seçilen Mahalleler

c_BAHCELIEVLER_MAH. = 0.45616007990032864
c_FATIH_MAH. = 0.5438399200996713
x_BAHCELIEVLER_MAH. = 1.0
x_FATIH_MAH. = 1.0

Optimal objective value: 0.00026136927861519776
