CORUM OÐUZLAR Belediyesi Seçilen Mahalleler

c_ASARCAY_MAH. = 0.23851424404249064
c_BIRTATLI_MAH. = 0.7614857559575093
x_ASARCAY_MAH. = 1.0
x_BIRTATLI_MAH. = 1.0

Optimal objective value: 0.000888038977075345
