CORUM LAÇÝN Belediyesi Seçilen Mahalleler

c_BAHCELIEVLER_MAH. = 0.48031039717256874
c_FATIH_MAH. = 0.5196896028274313
x_BAHCELIEVLER_MAH. = 1.0
x_FATIH_MAH. = 1.0

Optimal objective value: 0.0022336937843956406
