CORUM SUNGURLU Belediyesi Seçilen Mahalleler

c_AKCAY_MAH. = 0.8194755196418946
c_GURPINAR_MAH. = 0.18052448035810545
x_AKCAY_MAH. = 1.0
x_GURPINAR_MAH. = 1.0

Optimal objective value: 0.0009623735946939771
