CORUM BOÐAZKALE Belediyesi Seçilen Mahalleler

c_HATTUSAS_MAH. = 0.6183242419980253
c_HISAR_MAH. = 0.3816757580019748
x_HATTUSAS_MAH. = 1.0
x_HISAR_MAH. = 1.0

Optimal objective value: 0.0006648094470831367
