CORUM DODURGA Belediyesi Seçilen Mahalleler

c_DOGU_MAH. = 0.36105147818013816
c_ESENTEPE_MAH. = 0.6389485218198618
x_DOGU_MAH. = 1.0
x_ESENTEPE_MAH. = 1.0

Optimal objective value: 0.0004733743578219096
