CORUM ÇORUM MERKEZ Belediyesi Seçilen Mahalleler

c_BAHCELIEVLER_MAH. = 0.3283633824996022
c_ULUKAVAK_MAH. = 0.6716366175003978
x_BAHCELIEVLER_MAH. = 1.0
x_ULUKAVAK_MAH. = 1.0

Optimal objective value: 0.00032549808678150605
