CORUM ALACA Belediyesi Seçilen Mahalleler

c_DENIZHAN_MAH. = 0.30454121782111243
c_GUNHAN__MAH. = 0.6954587821788876
x_DENIZHAN_MAH. = 1.0
x_GUNHAN__MAH. = 1.0

Optimal objective value: 0.0010345063473644611
