CORUM ORTAKÖY Belediyesi Seçilen Mahalleler

c_BAHCELIEVLER_MAH. = 0.3927241889825085
c_CUMHURIYET_MAH. = 0.6072758110174915
x_BAHCELIEVLER_MAH. = 1.0
x_CUMHURIYET_MAH. = 1.0

Optimal objective value: 0.0020720169438650515
