DENIZLI BEKÝLLÝ Belediyesi Seçilen Mahalleler

c_BAHCELI_MAH. = 0.6156697380667173
c_YESILOBA_MAH. = 0.3843302619332826
x_BAHCELI_MAH. = 1.0
x_YESILOBA_MAH. = 1.0

Optimal objective value: 0.0005678109184467095
