DENIZLI BULDAN Belediyesi Seçilen Mahalleler

c_CUMHURIYET_MAH. = 0.3312189079994272
c_GOLBASI_MAH. = 0.6687810920005728
x_CUMHURIYET_MAH. = 1.0
x_GOLBASI_MAH. = 1.0

Optimal objective value: 0.0009980310709690743
