DENIZLI BAKLAN Belediyesi Seçilen Mahalleler

c_GOKPINAR_MAH. = 0.6972735303850298
c_KONAK_MAH. = 0.3027264696149702
x_GOKPINAR_MAH. = 1.0
x_KONAK_MAH. = 1.0

Optimal objective value: 0.00013332595643311684
