DENIZLI MERKEZEFENDÝ Belediyesi Seçilen Mahalleler

c_1200_EVLER_MAH. = 0.3585851495891572
c_SEMIKLER_MAH. = 0.6414148504108428
x_1200_EVLER_MAH. = 1.0
x_SEMIKLER_MAH. = 1.0

Optimal objective value: 0.001023717242090938
