DENIZLI ÇAL Belediyesi Seçilen Mahalleler

c_AKKENT_MAH. = 0.4185058581334955
c_BAKLANCAKIRLAR_MAH. = 0.5814941418665045
x_AKKENT_MAH. = 1.0
x_BAKLANCAKIRLAR_MAH. = 1.0

Optimal objective value: 0.009791824575753227
