DENIZLI ACIPAYAM Belediyesi Seçilen Mahalleler

c_AKALAN_MAH. = 0.5856755410381145
c_YASSIHUYUK_MAH. = 0.4143244589618855
x_AKALAN_MAH. = 1.0
x_YASSIHUYUK_MAH. = 1.0

Optimal objective value: 0.0006973831134324815
