DENIZLI BOZKURT Belediyesi Seçilen Mahalleler

c_ALIKURT_MAH. = 0.19432140416258536
c_CUMALI_MAH. = 0.8056785958374146
x_ALIKURT_MAH. = 1.0
x_CUMALI_MAH. = 1.0

Optimal objective value: 0.0007096549109950612
