DENIZLI BEYAÐAÇ Belediyesi Seçilen Mahalleler

c_CUMHURIYET_MAH. = 0.5840964077645716
c_KAPUZ_MAH. = 0.41590359223542844
x_CUMHURIYET_MAH. = 1.0
x_KAPUZ_MAH. = 1.0

Optimal objective value: 0.00042506636794992225
