DENIZLI PAMUKKALE Belediyesi Seçilen Mahalleler

c_KUCUKDERE_MAH. = 0.23344116627387113
c_INCILIPINAR_MAH. = 0.7665588337261289
x_KUCUKDERE_MAH. = 1.0
x_INCILIPINAR_MAH. = 1.0

Optimal objective value: 0.0006117831953903474
