DENIZLI KALE Belediyesi Seçilen Mahalleler

c_ADAMHARMANI_MAH. = 0.38630069871883554
c_TOKI_MAH. = 0.6136993012811645
x_ADAMHARMANI_MAH. = 1.0
x_TOKI_MAH. = 1.0

Optimal objective value: 0.000430374918714449
