DENIZLI GÜNEY Belediyesi Seçilen Mahalleler

c_CINDERE_MAH. = 0.5867310998445087
c_YAGCILAR_MAH. = 0.41326890015549134
x_CINDERE_MAH. = 1.0
x_YAGCILAR_MAH. = 1.0

Optimal objective value: 0.000604593758695815
