DENIZLI BABADAÐ Belediyesi Seçilen Mahalleler

c_GUNDOGDU_MAH. = 0.703968253968254
c_INCILIPINAR_MAH. = 0.29603174603174603
x_GUNDOGDU_MAH. = 1.0
x_INCILIPINAR_MAH. = 1.0

Optimal objective value: 0.012525650685635048
