DENIZLI HONAZ Belediyesi Seçilen Mahalleler

c_ASAGIDAGDERE_MAH. = 0.41498477712698933
c_HISAR_MAH. = 0.5850152228730107
x_ASAGIDAGDERE_MAH. = 1.0
x_HISAR_MAH. = 1.0

Optimal objective value: 0.0006876309400796199
