DIYARBAKIR HANÝ Belediyesi Seçilen Mahalleler

c_MERKEZ_MAH. = 0.406664642910582
c_TOPCULAR_MAH. = 0.593335357089418
x_MERKEZ_MAH. = 1.0
x_TOPCULAR_MAH. = 1.0

Optimal objective value: 0.00040265316966059395
