DIYARBAKIR ÇINAR Belediyesi Seçilen Mahalleler

c_BAYIRKONAGI_MAH. = 0.20654347894373856
c_BASAKLI_MAH. = 0.7934565210562614
x_BAYIRKONAGI_MAH. = 1.0
x_BASAKLI_MAH. = 1.0

Optimal objective value: 0.0009702717959150231
