DIYARBAKIR DÝCLE Belediyesi Seçilen Mahalleler

c_GOLBASI_MAH. = 0.44245979796176615
c_CAVLI_MAH. = 0.5575402020382338
x_GOLBASI_MAH. = 1.0
x_CAVLI_MAH. = 1.0

Optimal objective value: 0.0003787378644015682
