DIYARBAKIR SUR Belediyesi Seçilen Mahalleler

c_BAGPINAR__MAH. = 0.35923348208377065
c_OZEKLI_MAH. = 0.6407665179162294
x_BAGPINAR__MAH. = 1.0
x_OZEKLI_MAH. = 1.0

Optimal objective value: 0.0002703093238745069
