DIYARBAKIR ERGANÝ Belediyesi Seçilen Mahalleler

c_ADNAN_MENDERES_MAH. = 0.9038176747497095
c_GOKICI_MAH. = 0.09618232525029047
x_ADNAN_MENDERES_MAH. = 1.0
x_GOKICI_MAH. = 1.0

Optimal objective value: 0.0008316431319594919
