DIYARBAKIR KOCAKÖY Belediyesi Seçilen Mahalleler

c_HACI_RESIT_MAH. = 0.5223112080797216
c_SUCIKTI_MAH. = 0.4776887919202783
x_HACI_RESIT_MAH. = 1.0
x_SUCIKTI_MAH. = 1.0

Optimal objective value: 0.00029974072180904976
