DIYARBAKIR KAYAPINAR Belediyesi Seçilen Mahalleler

c_GULECOBA_MAH. = 0.8780908092586469
c_KIRKPINAR_MAH. = 0.1219091907413531
x_GULECOBA_MAH. = 1.0
x_KIRKPINAR_MAH. = 1.0

Optimal objective value: 0.00019863634562489185
