DIYARBAKIR HAZRO Belediyesi Seçilen Mahalleler

c_INCEKAVAK_MAH. = 0.10724421420622487
c_ISKAR_MAH. = 0.8927557857937751
x_INCEKAVAK_MAH. = 1.0
x_ISKAR_MAH. = 1.0

Optimal objective value: 0.0007498369242115999
