DIYARBAKIR LÝCE Belediyesi Seçilen Mahalleler

c_AKCABUDAK_MAH. = 0.16624407995764934
c_CEPER_MAH. = 0.8337559200423507
x_AKCABUDAK_MAH. = 1.0
x_CEPER_MAH. = 1.0

Optimal objective value: 0.00031057887891750013
