DIYARBAKIR ÇERMÝK Belediyesi Seçilen Mahalleler

c_DILEKPINAR_MAH. = 0.6465342797176763
c_GOZEREK_MAH. = 0.35346572028232365
x_DILEKPINAR_MAH. = 1.0
x_GOZEREK_MAH. = 1.0

Optimal objective value: 0.0005429249623346566
