DIYARBAKIR SÝLVAN Belediyesi Seçilen Mahalleler

c_TASPINAR_MAH. = 0.401040976969424
c_YOLAC_MAH. = 0.598959023030576
x_TASPINAR_MAH. = 1.0
x_YOLAC_MAH. = 1.0

Optimal objective value: 0.0007054501005061553
