DIYARBAKIR KULP Belediyesi Seçilen Mahalleler

c_KARAORMAN_MAH. = 0.5984302413272868
c_KAYAHAN_MAH. = 0.4015697586727132
x_KARAORMAN_MAH. = 1.0
x_KAYAHAN_MAH. = 1.0

Optimal objective value: 0.0005267203973312595
