DIYARBAKIR BÝSMÝL Belediyesi Seçilen Mahalleler

c_AHMETLI_MAH. = 0.33242467931120045
c_YASINCE_MAH. = 0.6675753206887995
x_AHMETLI_MAH. = 1.0
x_YASINCE_MAH. = 1.0

Optimal objective value: 0.0003477074467252983
