DIYARBAKIR BAÐLAR Belediyesi Seçilen Mahalleler

c_5_NISAN_MAH. = 0.9279002548694972
c_OZDEMIR__MAH. = 0.07209974513050274
x_5_NISAN_MAH. = 1.0
x_OZDEMIR__MAH. = 1.0

Optimal objective value: 0.0006298519382479384
