DIYARBAKIR ÇÜNGÜÞ Belediyesi Seçilen Mahalleler

c_KELESEVLERI_MAH. = 0.48295245911382556
c_POLATUSAGI_MAH. = 0.5170475408861744
x_KELESEVLERI_MAH. = 1.0
x_POLATUSAGI_MAH. = 1.0

Optimal objective value: 0.001253950313535035
