DUZCE KAYNAÞLI Belediyesi Seçilen Mahalleler

c_ESKIKOY_MAH. = 0.24611380015231346
c_KARACALI_MAH. = 0.7538861998476866
x_ESKIKOY_MAH. = 1.0
x_KARACALI_MAH. = 1.0

Optimal objective value: 0.0008905983609187595
