DUZCE GÖLYAKA Belediyesi Seçilen Mahalleler

c_KULTUR_MAH. = 0.6043406154157698
c_YAZIPINAR_MAH. = 0.3956593845842302
x_KULTUR_MAH. = 1.0
x_YAZIPINAR_MAH. = 1.0

Optimal objective value: 0.0006221024040797829
