DUZCE AKÇAKOCA Belediyesi Seçilen Mahalleler

c_OSMANIYE_MAH. = 0.603608533002586
c_YUKARI_MAH. = 0.396391466997414
x_OSMANIYE_MAH. = 1.0
x_YUKARI_MAH. = 1.0

Optimal objective value: 0.00024407063385600836
