DUZCE DÜZCE MERKEZ - BEYKÖY Belediyesi Seçilen Mahalleler

c_BEYKOY-KULTUR__MAH. = 0.5418926750521056
c_BEYKOY-ISTIKLAL_MAH. = 0.4581073249478944
x_BEYKOY-KULTUR__MAH. = 1.0
x_BEYKOY-ISTIKLAL_MAH. = 1.0

Optimal objective value: 0.004715839397107513
