DUZCE YIÐILCA Belediyesi Seçilen Mahalleler

c_AHMETCILER_MAH. = 0.7007064084311225
c_MARESAL_FEVZI__CAKMAK_MAH. = 0.2992935915688775
x_AHMETCILER_MAH. = 1.0
x_MARESAL_FEVZI__CAKMAK_MAH. = 1.0

Optimal objective value: 0.0006395011285197372
