DUZCE DÜZCE MERKEZ Belediyesi Seçilen Mahalleler

c_AKINLAR_MAH. = 0.44826654921911224
c_SIRALIK_MAH. = 0.5517334507808878
x_AKINLAR_MAH. = 1.0
x_SIRALIK_MAH. = 1.0

Optimal objective value: 0.0006982502678801739
