EDIRNE MERÝÇ - KÜPLÜ Belediyesi Seçilen Mahalleler

c_KUPLU-GAZI_MAH. = 0.5310997041811519
c_KUPLU-MERKEZ_MAH. = 0.46890029581884707
x_KUPLU-GAZI_MAH. = 1.0
x_KUPLU-MERKEZ_MAH. = 1.0

Optimal objective value: 6.77137686122542e-06
