EDIRNE EDÝRNE MERKEZ Belediyesi Seçilen Mahalleler

c_1.MURAT_MAH. = 0.4112059379490455
c_BARUTLUK_MAH. = 0.5887940620509545
x_1.MURAT_MAH. = 1.0
x_BARUTLUK_MAH. = 1.0

Optimal objective value: 0.001693409862659423
