EDIRNE ENEZ Belediyesi Seçilen Mahalleler

c_GAZIOMERBEY_MAH. = 0.8107111864782968
c_YENI_MAH. = 0.1892888135217033
x_GAZIOMERBEY_MAH. = 1.0
x_YENI_MAH. = 1.0

Optimal objective value: 0.0004928200801843641
