EDIRNE KEÞAN - BEÐENDÝK Belediyesi Seçilen Mahalleler

c_BEGENDIK-AYDOGAN_MAH. = 0.2564455189080333
c_BEGENDIK-BEYKENT_MAH. = 0.7435544810919668
x_BEGENDIK-AYDOGAN_MAH. = 1.0
x_BEGENDIK-BEYKENT_MAH. = 1.0

Optimal objective value: 0.00022346448775834027
