EDIRNE HAVSA Belediyesi Seçilen Mahalleler

c_CUMHURIYET_MAH. = 0.6131241976788058
c_YENI_MAH. = 0.3868758023211943
x_CUMHURIYET_MAH. = 1.0
x_YENI_MAH. = 1.0

Optimal objective value: 0.0008383805975573644
