EDIRNE KEÞAN Belediyesi Seçilen Mahalleler

c_MUSTAFA_KEMAL_PASA__MAH. = 0.24226658787144328
c_ISPAT_CAMI_MAH. = 0.7577334121285567
x_MUSTAFA_KEMAL_PASA__MAH. = 1.0
x_ISPAT_CAMI_MAH. = 1.0

Optimal objective value: 0.000845880211697958
