EDIRNE ÝPSALA - ESETÇE Belediyesi Seçilen Mahalleler

c_ESETCE-ATATURK_MAH. = 0.4365648231226294
c_ESETCE-CUMHURIYET_MAH. = 0.5634351768773707
x_ESETCE-ATATURK_MAH. = 1.0
x_ESETCE-CUMHURIYET_MAH. = 1.0

Optimal objective value: 0.00040529544872625056
