EDIRNE UZUNKÖPRÜ Belediyesi Seçilen Mahalleler

c_ATATURK_MAH. = 0.529439377711268
c_MARESAL_FEVZI_CAKMAK_MAH. = 0.47056062228873197
x_ATATURK_MAH. = 1.0
x_MARESAL_FEVZI_CAKMAK_MAH. = 1.0

Optimal objective value: 0.000467933731578829
