EDIRNE ÝPSALA Belediyesi Seçilen Mahalleler

c_BOZKURT_MAH. = 0.5700201969340111
c_KOPRU_MAH. = 0.42997980306598893
x_BOZKURT_MAH. = 1.0
x_KOPRU_MAH. = 1.0

Optimal objective value: 0.00013453339994151658
