ELAZIG ARICAK - ERÝMLÝ Belediyesi Seçilen Mahalleler

c_ERIMLI-CUMHURIYET_MAH. = 0.38804376934724016
c_ERIMLI-KISLA_MAH. = 0.6119562306527598
x_ERIMLI-CUMHURIYET_MAH. = 1.0
x_ERIMLI-KISLA_MAH. = 1.0

Optimal objective value: 0.0204266643646438
