ELAZIG KARAKOÇAN Belediyesi Seçilen Mahalleler

c_KIRKPINAR_MAH. = 0.7432751014692043
c_KULUBABA_MAH. = 0.2567248985307958
x_KIRKPINAR_MAH. = 1.0
x_KULUBABA_MAH. = 1.0

Optimal objective value: 0.05266972048955787
