ELAZIG AÐIN Belediyesi Seçilen Mahalleler

c_BASPINAR_MAH. = 0.5232201258871263
c_MERKEZ_MAH. = 0.47677987411287376
x_BASPINAR_MAH. = 1.0
x_MERKEZ_MAH. = 1.0

Optimal objective value: 0.013026338395341064
