ELAZIG PALU - BEYHAN Belediyesi Seçilen Mahalleler

c_BEYHAN-GUNEY_MAH. = 0.664941062145082
c_BEYHAN-KARSIYAKA_MAH. = 0.33505893785491797
x_BEYHAN-GUNEY_MAH. = 1.0
x_BEYHAN-KARSIYAKA_MAH. = 1.0

Optimal objective value: 0.029824591600015826
