ELAZIG ARICAK - ÜÇOCAK Belediyesi Seçilen Mahalleler

c_UCOCAK-KUTLU_DUGUN_MAH. = 0.49989915308469834
c_UCOCAK-CAY_MAH. = 0.5001008469153017
x_UCOCAK-KUTLU_DUGUN_MAH. = 1.0
x_UCOCAK-CAY_MAH. = 1.0

Optimal objective value: 0.036121370069067904
