ELAZIG ELAZIÐ MERKEZ Belediyesi Seçilen Mahalleler

c_ABDULLAH_PASA_MAH. = 0.25993573110774154
c_CAYDACIRA_MAH. = 0.7400642688922585
x_ABDULLAH_PASA_MAH. = 1.0
x_CAYDACIRA_MAH. = 1.0

Optimal objective value: 0.001523361387079314
