ELAZIG KOVANCILAR Belediyesi Seçilen Mahalleler

c_BAHCELIEVLER_MAH. = 0.6683395979734891
c_BAGLAR_MAH. = 0.3316604020265109
x_BAHCELIEVLER_MAH. = 1.0
x_BAGLAR_MAH. = 1.0

Optimal objective value: 0.002631265814273198
