ELAZIG BASKÝL Belediyesi Seçilen Mahalleler

c_CANBEYLER_MAH. = 0.1314698765214778
c_CUMHURIYET_MAH. = 0.8685301234785222
x_CANBEYLER_MAH. = 1.0
x_CUMHURIYET_MAH. = 1.0

Optimal objective value: 0.0003354129532069372
