ELAZIG ARICAK Belediyesi Seçilen Mahalleler

c_SERINEVLER_MAH. = 0.4465068178413306
c_VALI_GOKTAYOGLU__MAH. = 0.5534931821586694
x_SERINEVLER_MAH. = 1.0
x_VALI_GOKTAYOGLU__MAH. = 1.0

Optimal objective value: 0.018510946173667997
