ELAZIG ELAZIÐ MERKEZ - YURTBAÞI Belediyesi Seçilen Mahalleler

c_YURTBASI-CUMHURIYET_MAH. = 0.8184048335598999
c_YURTBASI-YENI_MAH. = 0.1815951664401001
x_YURTBASI-CUMHURIYET_MAH. = 1.0
x_YURTBASI-YENI_MAH. = 1.0

Optimal objective value: 0.00045617909389084055
