ELAZIG ALACAKAYA Belediyesi Seçilen Mahalleler

c_GULAMAN_MAH. = 0.9207469548581876
c_MERKEZ_MAH. = 0.07925304514181242
x_GULAMAN_MAH. = 1.0
x_MERKEZ_MAH. = 1.0

Optimal objective value: 0.04185895844303866
