ERZINCAN ÜZÜMLÜ Belediyesi Seçilen Mahalleler

c_BABACAN_MAH. = 0.457264045745875
c_YUNUS_EMRE_MAH. = 0.542735954254125
x_BABACAN_MAH. = 1.0
x_YUNUS_EMRE_MAH. = 1.0

Optimal objective value: 0.00038290111959016215
