ERZINCAN ERZÝNCAN MERKEZ Belediyesi Seçilen Mahalleler

c_BASBAGLAR_MAH. = 0.366116376607563
c_KARAAGAC_MAH. = 0.633883623392437
x_BASBAGLAR_MAH. = 1.0
x_KARAAGAC_MAH. = 1.0

Optimal objective value: 0.0007234878267448064
