ERZINCAN TERCAN Belediyesi Seçilen Mahalleler

c_MAMAHATUN_MAH. = 0.6006448537179978
c_YAVUZ_SELIM_MAH. = 0.3993551462820022
x_MAMAHATUN_MAH. = 1.0
x_YAVUZ_SELIM_MAH. = 1.0

Optimal objective value: 0.0002184773081683744
