ERZINCAN ÇAYIRLI Belediyesi Seçilen Mahalleler

c_ATATURK_MAH. = 0.6088419997270029
c_BARBAROS_MAH. = 0.39115800027299713
x_ATATURK_MAH. = 1.0
x_BARBAROS_MAH. = 1.0

Optimal objective value: 0.0033468259895050867
