ERZINCAN KEMAH Belediyesi Seçilen Mahalleler

c_KARSIBAG_MAH. = 0.2632366219499953
c_PORHENKBASI_MAH. = 0.7367633780500047
x_KARSIBAG_MAH. = 1.0
x_PORHENKBASI_MAH. = 1.0

Optimal objective value: 0.0006011502328749918
