ERZINCAN KEMALÝYE Belediyesi Seçilen Mahalleler

c_SANDIKBAGI_MAH. = 0.4144262085297419
c_ISHAKPASA_MAH. = 0.5855737914702581
x_SANDIKBAGI_MAH. = 1.0
x_ISHAKPASA_MAH. = 1.0

Optimal objective value: 0.000398303224644736
