ERZINCAN REFAHÝYE Belediyesi Seçilen Mahalleler

c_HAKOGLU_MAH. = 0.26047368470371934
c_HOKUMET_MAH. = 0.7395263152962807
x_HAKOGLU_MAH. = 1.0
x_HOKUMET_MAH. = 1.0

Optimal objective value: 0.00030451793768793145
