ERZINCAN OTLUKBELÝ Belediyesi Seçilen Mahalleler

c_MEHMET_AKIF_ERSOY_MAH. = 0.6497905286578246
c_SEHITLER_MAH. = 0.3502094713421754
x_MEHMET_AKIF_ERSOY_MAH. = 1.0
x_SEHITLER_MAH. = 1.0

Optimal objective value: 0.0004009186375452112
