ERZINCAN ÝLÝÇ Belediyesi Seçilen Mahalleler

c_ABDULLAH_PASA_MAH. = 0.8236359843272519
c_FATIH_MAH. = 0.1763640156727481
x_ABDULLAH_PASA_MAH. = 1.0
x_FATIH_MAH. = 1.0

Optimal objective value: 0.0020738168302276705
