ERZURUM HINIS Belediyesi Seçilen Mahalleler

c_ALINTERI_MAH. = 0.4504440053134062
c_ERENCE_MAH. = 0.5495559946865938
x_ALINTERI_MAH. = 1.0
x_ERENCE_MAH. = 1.0

Optimal objective value: 0.000947103291444984
