ERZURUM OLTU Belediyesi Seçilen Mahalleler

c_ALATARLA_MAH. = 0.4652794039392535
c_SEHITLER_MAH. = 0.5347205960607465
x_ALATARLA_MAH. = 1.0
x_SEHITLER_MAH. = 1.0

Optimal objective value: 0.0006684230584876882
