ERZURUM ÇAT Belediyesi Seçilen Mahalleler

c_BUDAKLAR_MAH. = 0.5707485425176508
c_HATUNKOY_MAH. = 0.4292514574823491
x_BUDAKLAR_MAH. = 1.0
x_HATUNKOY_MAH. = 1.0

Optimal objective value: 0.013071381598782184
