ERZURUM AÞKALE Belediyesi Seçilen Mahalleler

c_KARAHASAN_MAH. = 0.8004550457859875
c_YAYLIMLI_MAH. = 0.1995449542140125
x_KARAHASAN_MAH. = 1.0
x_YAYLIMLI_MAH. = 1.0

Optimal objective value: 0.0039002300394379574
