ERZURUM YAKUTÝYE Belediyesi Seçilen Mahalleler

c_KIRKGOZE_MAH. = 0.6548143075376249
c_YESILOVA_MAH. = 0.345185692462375
x_KIRKGOZE_MAH. = 1.0
x_YESILOVA_MAH. = 1.0

Optimal objective value: 0.0008722810517873825
