ERZURUM KÖPRÜKÖY Belediyesi Seçilen Mahalleler

c_DUMANKAYA_MAH. = 0.3994634607960672
c_GEYIKLI_MAH. = 0.6005365392039328
x_DUMANKAYA_MAH. = 1.0
x_GEYIKLI_MAH. = 1.0

Optimal objective value: 0.01161021744065971
