ERZURUM PALANDÖKEN Belediyesi Seçilen Mahalleler

c_HUSEYIN_AVNI_ULAS_MAH. = 0.8879326466157474
c_CEPERLI_MAH. = 0.11206735338425255
x_HUSEYIN_AVNI_ULAS_MAH. = 1.0
x_CEPERLI_MAH. = 1.0

Optimal objective value: 0.001037441497604208
