ERZURUM AZÝZÝYE Belediyesi Seçilen Mahalleler

c_KIZILKALE_MAH. = 0.4887672931136847
c_SAKALIKESIK_MAH. = 0.5112327068863153
x_KIZILKALE_MAH. = 1.0
x_SAKALIKESIK_MAH. = 1.0

Optimal objective value: 0.0037902766681845446
