ERZURUM PASÝNLER Belediyesi Seçilen Mahalleler

c_EPSEMCE_MAH. = 0.5580306229084616
c_KOTANDUZU_MAH. = 0.4419693770915384
x_EPSEMCE_MAH. = 1.0
x_KOTANDUZU_MAH. = 1.0

Optimal objective value: 0.00024996568982449396
