ERZURUM KARAÇOBAN Belediyesi Seçilen Mahalleler

c_AKKAVAK_MAH. = 0.5134483637939742
c_CATALGUL_MAH. = 0.48655163620602576
x_AKKAVAK_MAH. = 1.0
x_CATALGUL_MAH. = 1.0

Optimal objective value: 0.001019734362956326
