ERZURUM PAZARYOLU Belediyesi Seçilen Mahalleler

c_GOLYANI_MAH. = 0.09571550821969536
c_YAYLALI_MAH. = 0.9042844917803047
x_GOLYANI_MAH. = 1.0
x_YAYLALI_MAH. = 1.0

Optimal objective value: 0.008831635839395391
