ERZURUM ÝSPÝR Belediyesi Seçilen Mahalleler

c_ULUTAS_MAH. = 0.04721995494888831
c_YILDIZTEPE_MAH. = 0.9527800450511117
x_ULUTAS_MAH. = 1.0
x_YILDIZTEPE_MAH. = 1.0

Optimal objective value: 0.0006817064701978293
