ERZURUM UZUNDERE Belediyesi Seçilen Mahalleler

c_ALTINCANAK_MAH. = 0.016599729996046753
c_CAGLAYAN_MAH. = 0.9834002700039532
x_ALTINCANAK_MAH. = 1.0
x_CAGLAYAN_MAH. = 1.0

Optimal objective value: 0.000757801957402604
