ERZURUM OLUR Belediyesi Seçilen Mahalleler

c_YILDIZKAYA_MAH. = 0.4555847618656961
c_YUKARIKARACASU_MAH. = 0.5444152381343039
x_YILDIZKAYA_MAH. = 1.0
x_YUKARIKARACASU_MAH. = 1.0

Optimal objective value: 0.02900322563532165
