ERZURUM KARAYAZI Belediyesi Seçilen Mahalleler

c_ALIKULLEK_MAH. = 0.45645400579165707
c_CATALOREN_MAH. = 0.5435459942083429
x_ALIKULLEK_MAH. = 1.0
x_CATALOREN_MAH. = 1.0

Optimal objective value: 0.0008644671750006605
