ERZURUM ÞENKAYA Belediyesi Seçilen Mahalleler

c_TEKETAS_MAH. = 0.2699868295198194
c_TUTENOCAK_MAH. = 0.7300131704801808
x_TEKETAS_MAH. = 1.0
x_TUTENOCAK_MAH. = 1.0

Optimal objective value: 0.043426353508638105
