ERZURUM HORASAN Belediyesi Seçilen Mahalleler

c_ARPACAYIR_MAH. = 0.1476526329915755
c_FATIH_SULTAN_MEHMET_MAH. = 0.8523473670084245
x_ARPACAYIR_MAH. = 1.0
x_FATIH_SULTAN_MEHMET_MAH. = 1.0

Optimal objective value: 0.0007437730703694356
