ERZURUM TEKMAN Belediyesi Seçilen Mahalleler

c_ERENCE_MAH. = 0.913002625311948
c_TASKESEN_MAH. = 0.08699737468805202
x_ERENCE_MAH. = 1.0
x_TASKESEN_MAH. = 1.0

Optimal objective value: 0.000986196193370814
