ERZURUM NARMAN Belediyesi Seçilen Mahalleler

c_GUVENLIK_MAH. = 0.5408002505378611
c_SAPANLI_MAH. = 0.4591997494621389
x_GUVENLIK_MAH. = 1.0
x_SAPANLI_MAH. = 1.0

Optimal objective value: 0.0032295801339667918
