ESKISEHIR SEYÝTGAZÝ Belediyesi Seçilen Mahalleler

c_AKSAKLI_MAH. = 0.6939878085858517
c_SANDIKOZU_MAH. = 0.3060121914141482
x_AKSAKLI_MAH. = 1.0
x_SANDIKOZU_MAH. = 1.0

Optimal objective value: 0.0009592009870763585
