ESKISEHIR MAHMUDÝYE Belediyesi Seçilen Mahalleler

c_MESUDIYE_MAH. = 0.65614042801604
c_YENIKOY_MAH. = 0.34385957198396
x_MESUDIYE_MAH. = 1.0
x_YENIKOY_MAH. = 1.0

Optimal objective value: 0.0019838211662912553
