ESKISEHIR ALPU Belediyesi Seçilen Mahalleler

c_AKTEPE_MAH. = 0.3590887825966055
c_SOGUTCUK_MAH. = 0.6409112174033945
x_AKTEPE_MAH. = 1.0
x_SOGUTCUK_MAH. = 1.0

Optimal objective value: 0.0009931446680148115
