ESKISEHIR MÝHALIÇÇIK Belediyesi Seçilen Mahalleler

c_KOYUNAGILI_MAH. = 0.40530627657058194
c_TATARCIK_MAH. = 0.5946937234294181
x_KOYUNAGILI_MAH. = 1.0
x_TATARCIK_MAH. = 1.0

Optimal objective value: 0.0017771803773973804
