ESKISEHIR MÝHALGAZÝ Belediyesi Seçilen Mahalleler

c_DOKUZ_MAYIS_MAH. = 0.29374792447208214
c_SAKARIILICA_MAH. = 0.7062520755279178
x_DOKUZ_MAYIS_MAH. = 1.0
x_SAKARIILICA_MAH. = 1.0

Optimal objective value: 0.003952827742039533
