ESKISEHIR ÇÝFTELER Belediyesi Seçilen Mahalleler

c_ADALAR_MAH. = 0.2808585010876466
c_CIFTCI_MAH. = 0.7191414989123535
x_ADALAR_MAH. = 1.0
x_CIFTCI_MAH. = 1.0

Optimal objective value: 0.0006624714008300892
