ESKISEHIR SARICAKAYA Belediyesi Seçilen Mahalleler

c_CAMIKEBIR_MAH. = 0.8868000225487088
c_MAYISLAR_MAH. = 0.11319997745129115
x_CAMIKEBIR_MAH. = 1.0
x_MAYISLAR_MAH. = 1.0

Optimal objective value: 0.0006803048145880286
