ESKISEHIR BEYLÝKOVA Belediyesi Seçilen Mahalleler

c_EMIRCIK_MAH. = 0.7044352061503907
c_IMIKLER_MAH. = 0.2955647938496093
x_EMIRCIK_MAH. = 1.0
x_IMIKLER_MAH. = 1.0

Optimal objective value: 0.000979517541732866
