ESKISEHIR TEPEBAÞI Belediyesi Seçilen Mahalleler

c_AHILAR_MAH. = 0.3009445913727131
c_YUKARI_SOGUTONU_MAH. = 0.6990554086272869
x_AHILAR_MAH. = 1.0
x_YUKARI_SOGUTONU_MAH. = 1.0

Optimal objective value: 0.0008631421109077664
