ESKISEHIR HAN Belediyesi Seçilen Mahalleler

c_HUSREVPASA_MAH. = 0.6430054124922941
c_ISKANKUYU_MAH. = 0.35699458750770585
x_HUSREVPASA_MAH. = 1.0
x_ISKANKUYU_MAH. = 1.0

Optimal objective value: 0.0040180095111485015
