ESKISEHIR ODUNPAZARI Belediyesi Seçilen Mahalleler

c_SARISUNGUR_MAH. = 0.37548245072953135
c_YASSIHOYUK_MAH. = 0.6245175492704687
x_SARISUNGUR_MAH. = 1.0
x_YASSIHOYUK_MAH. = 1.0

Optimal objective value: 0.0008011583773949171
