GAZIANTEP ÞEHÝTKAMÝL Belediyesi Seçilen Mahalleler

c_BATIKENT_MAH. = 0.6400697629776171
c_TUGLU_MAH. = 0.35993023702238297
x_BATIKENT_MAH. = 1.0
x_TUGLU_MAH. = 1.0

Optimal objective value: 0.0011234849960891635
