GAZIANTEP NURDAÐI Belediyesi Seçilen Mahalleler

c_BASPINAR_MAH. = 0.5751081428249187
c_KIRISKAL_MAH. = 0.42489185717508127
x_BASPINAR_MAH. = 1.0
x_KIRISKAL_MAH. = 1.0

Optimal objective value: 0.011149765589678617
