GAZIANTEP ARABAN Belediyesi Seçilen Mahalleler

c_KUCUKLU_MAH. = 0.32139362510033276
c_TURGUT_OZAL_MAH. = 0.6786063748996672
x_KUCUKLU_MAH. = 1.0
x_TURGUT_OZAL_MAH. = 1.0

Optimal objective value: 0.0004862300562382682
