GAZIANTEP ÞAHÝNBEY Belediyesi Seçilen Mahalleler

c_KAPCAGIZ_MAH. = 0.06782264689827233
c_SENYURT_MAH. = 0.9321773531017277
x_KAPCAGIZ_MAH. = 1.0
x_SENYURT_MAH. = 1.0

Optimal objective value: 0.0006715594635314792
