GAZIANTEP ÝSLAHÝYE Belediyesi Seçilen Mahalleler

c_ZINCIRLI_MAH. = 0.22753068044513777
c_ORTULU_MAH. = 0.7724693195548622
x_ZINCIRLI_MAH. = 1.0
x_ORTULU_MAH. = 1.0

Optimal objective value: 0.0010128301032100717
