GAZIANTEP YAVUZELÝ Belediyesi Seçilen Mahalleler

c_BEGENDIK_MAH. = 0.8256234775958222
c_BULBUL_MAH. = 0.1743765224041778
x_BEGENDIK_MAH. = 1.0
x_BULBUL_MAH. = 1.0

Optimal objective value: 6.369126155314486e-05
