GAZIANTEP OÐUZELÝ Belediyesi Seçilen Mahalleler

c_ASAGI_YENIYAPAN_MAH. = 0.15824124619552093
c_BULDUK_MAH. = 0.8417587538044791
x_ASAGI_YENIYAPAN_MAH. = 1.0
x_BULDUK_MAH. = 1.0

Optimal objective value: 0.0007344615378502839
