GAZIANTEP KARKAMIÞ Belediyesi Seçilen Mahalleler

c_KEPIRLER_MAH. = 0.31236324533338666
c_ONCULER_MAH. = 0.6876367546666133
x_KEPIRLER_MAH. = 1.0
x_ONCULER_MAH. = 1.0

Optimal objective value: 0.0011726370160458632
