GIRESUN ÇAMOLUK Belediyesi Seçilen Mahalleler

c_KARSIYAKA_MAH. = 0.6452416153750845
c_KOROGLU_MAH. = 0.3547583846249155
x_KARSIYAKA_MAH. = 1.0
x_KOROGLU_MAH. = 1.0

Optimal objective value: 0.0010460875695933458
