GIRESUN EYNESÝL - ÖREN Belediyesi Seçilen Mahalleler

c_OREN-CAMIDUZU_MAH. = 0.7322446014778314
c_OREN-TAMYANI_MAH. = 0.26775539852216856
x_OREN-CAMIDUZU_MAH. = 1.0
x_OREN-TAMYANI_MAH. = 1.0

Optimal objective value: 0.005334720180453223
