GIRESUN TÝREBOLU Belediyesi Seçilen Mahalleler

c_CINTASI_MAH. = 0.6971908616230853
c_DEMIRCI_MAH. = 0.30280913837691464
x_CINTASI_MAH. = 1.0
x_DEMIRCI_MAH. = 1.0

Optimal objective value: 0.0013088533228456933
