GIRESUN BULANCAK Belediyesi Seçilen Mahalleler

c_ACISU_MAH. = 0.4558958178715462
c_SEMSETTIN_MAH. = 0.5441041821284538
x_ACISU_MAH. = 1.0
x_SEMSETTIN_MAH. = 1.0

Optimal objective value: 0.0004247346461299095
