GIRESUN EYNESÝL Belediyesi Seçilen Mahalleler

c_ALTINLI_MAH. = 0.36192883582630286
c_GUMUSCAY_MAH. = 0.6380711641736971
x_ALTINLI_MAH. = 1.0
x_GUMUSCAY_MAH. = 1.0

Optimal objective value: 3.385912035247518e-05
