GIRESUN ESPÝYE Belediyesi Seçilen Mahalleler

c_KALEBOYNU_MAH. = 0.2666969140571155
c_MERKEZ_MAH. = 0.7333030859428845
x_KALEBOYNU_MAH. = 1.0
x_MERKEZ_MAH. = 1.0

Optimal objective value: 0.00039133615330722016
