GIRESUN ALUCRA Belediyesi Seçilen Mahalleler

c_MESUDIYE_MAH. = 0.301446377321545
c_YUNUS_EMRE_MAH. = 0.698553622678455
x_MESUDIYE_MAH. = 1.0
x_YUNUS_EMRE_MAH. = 1.0

Optimal objective value: 0.0008054736210734159
