GIRESUN GÖRELE Belediyesi Seçilen Mahalleler

c_AYDINLIKEVLER_MAH. = 0.28600329053807083
c_KUMYALI_MAH. = 0.7139967094619292
x_AYDINLIKEVLER_MAH. = 1.0
x_KUMYALI_MAH. = 1.0

Optimal objective value: 0.0006616168359769858
