GIRESUN GÝRESUN MERKEZ Belediyesi Seçilen Mahalleler

c_AKSU_MAH. = 0.5180038728173371
c_CINARLAR_MAH. = 0.4819961271826629
x_AKSU_MAH. = 1.0
x_CINARLAR_MAH. = 1.0

Optimal objective value: 8.263899341443004e-05
