GIRESUN GÝRESUN MERKEZ - DUROÐLU Belediyesi Seçilen Mahalleler

c_DUROGLU-DEMIRCI_MAH. = 0.36374621419528963
c_DUROGLU-KONACIK_MAH. = 0.6362537858047104
x_DUROGLU-DEMIRCI_MAH. = 1.0
x_DUROGLU-KONACIK_MAH. = 1.0

Optimal objective value: 0.0001829230681681393
