GIRESUN BULANCAK - KOVANLIK Belediyesi Seçilen Mahalleler

c_KOVANLIK-DUZ_MAH. = 0.2530540394833136
c_KOVANLIK-SOFULU_MAH. = 0.7469459605166864
x_KOVANLIK-DUZ_MAH. = 1.0
x_KOVANLIK-SOFULU_MAH. = 1.0

Optimal objective value: 0.023149198795785586
