GIRESUN YAÐLIDERE - ÜÇTEPE Belediyesi Seçilen Mahalleler

c_UCTEPE-GULTEPE_MAH. = 0.11772235524024488
c_UCTEPE-KOZBUKU_MAH. = 0.8822776447597551
x_UCTEPE-GULTEPE_MAH. = 1.0
x_UCTEPE-KOZBUKU_MAH. = 1.0

Optimal objective value: 0.0005555543966729859
