GIRESUN ÞEBÝNKARAHÝSAR Belediyesi Seçilen Mahalleler

c_BULBUL_MAH. = 0.8207491986594625
c_KAVAKLAR_MAH. = 0.17925080134053747
x_BULBUL_MAH. = 1.0
x_KAVAKLAR_MAH. = 1.0

Optimal objective value: 0.0008559144885328385
