GIRESUN DOÐANKENT Belediyesi Seçilen Mahalleler

c_MERKEZ_MAH. = 0.5774115369186452
c_YESILTEPE_MAH. = 0.42258846308135484
x_MERKEZ_MAH. = 1.0
x_YESILTEPE_MAH. = 1.0

Optimal objective value: 0.01175554518556543
