GIRESUN DERELÝ Belediyesi Seçilen Mahalleler

c_BAHCELI_MAH. = 0.17528607428113796
c_KUSLUHAN_MAH. = 0.824713925718862
x_BAHCELI_MAH. = 1.0
x_KUSLUHAN_MAH. = 1.0

Optimal objective value: 0.0041769882343254405
