GIRESUN GÖRELE - ÇAVUÞLU Belediyesi Seçilen Mahalleler

c_CAVUSLU-BAHSIS_MAH. = 0.6867080302541642
c_CAVUSLU-OBAKIRAN_MAH. = 0.3132919697458359
x_CAVUSLU-BAHSIS_MAH. = 1.0
x_CAVUSLU-OBAKIRAN_MAH. = 1.0

Optimal objective value: 0.0007471904113987016
