GUMUSHANE ÞÝRAN Belediyesi Seçilen Mahalleler

c_TEKKE_MAH. = 0.5608570357975569
c_SEHIT_HAKAN_MAH. = 0.43914296420244314
x_TEKKE_MAH. = 1.0
x_SEHIT_HAKAN_MAH. = 1.0

Optimal objective value: 0.0020156576033771856
