GUMUSHANE KÖSE Belediyesi Seçilen Mahalleler

c_YAVUZ_SELIM_MAH. = 0.6819579981281394
c_YENI_MAH. = 0.3180420018718606
x_YAVUZ_SELIM_MAH. = 1.0
x_YENI_MAH. = 1.0

Optimal objective value: 0.000518948310705758
