GUMUSHANE KÜRTÜN Belediyesi Seçilen Mahalleler

c_ASAGI_ULUKOY_MAH. = 0.5760913961933589
c_YUKARI_ULUKOY_MAH. = 0.4239086038066411
x_ASAGI_ULUKOY_MAH. = 1.0
x_YUKARI_ULUKOY_MAH. = 1.0

Optimal objective value: 0.0005618914294649446
