GUMUSHANE KELKÝT Belediyesi Seçilen Mahalleler

c_KUCUKCAMI_MAH. = 0.42024260576735223
c_INONU_MAH. = 0.5797573942326477
x_KUCUKCAMI_MAH. = 1.0
x_INONU_MAH. = 1.0

Optimal objective value: 0.004501985811110165
