GUMUSHANE KELKÝT - ÖBEKTAÞ Belediyesi Seçilen Mahalleler

c_OBEKTAS-ESENTEPE_MAH. = 0.4792062630682195
c_OBEKTAS-FATIH_MAH. = 0.5207937369317805
x_OBEKTAS-ESENTEPE_MAH. = 1.0
x_OBEKTAS-FATIH_MAH. = 1.0

Optimal objective value: 0.0013418625575337684
