GUMUSHANE GÜMÜÞHANE MERKEZ Belediyesi Seçilen Mahalleler

c_YENI_MAH. = 0.18492063492063493
c_CAMLICA_MAH. = 0.8150793650793651
x_YENI_MAH. = 1.0
x_CAMLICA_MAH. = 1.0

Optimal objective value: 0.0021183197089476025
