GUMUSHANE TORUL Belediyesi Seçilen Mahalleler

c_BAHCECIK_MAH. = 0.2808005420334834
c_KALEDIBI_MAH. = 0.7191994579665166
x_BAHCECIK_MAH. = 1.0
x_KALEDIBI_MAH. = 1.0

Optimal objective value: 0.0010038956916549324
