HAKKARI ÇUKURCA Belediyesi Seçilen Mahalleler

c_CUMHURIYET_MAH. = 0.09517629812005353
c_EMIRSABAN_MAH. = 0.9048237018799464
x_CUMHURIYET_MAH. = 1.0
x_EMIRSABAN_MAH. = 1.0

Optimal objective value: 0.004870017557069062
