HAKKARI YÜKSEKOVA - ESENDERE Belediyesi Seçilen Mahalleler

c_ESENDERE-GUVENLI_MAH. = 0.41395845831095035
c_ESENDERE-MERKEZ_MAH. = 0.5860415416890496
x_ESENDERE-GUVENLI_MAH. = 1.0
x_ESENDERE-MERKEZ_MAH. = 1.0

Optimal objective value: 0.0005982999408773448
