HAKKARI HAKKARÝ MERKEZ Belediyesi Seçilen Mahalleler

c_BERCELAN_MAH. = 0.6981937598701615
c_YENI_MAH. = 0.3018062401298385
x_BERCELAN_MAH. = 1.0
x_YENI_MAH. = 1.0

Optimal objective value: 0.0004276226916712922
