HAKKARI YÜKSEKOVA Belediyesi Seçilen Mahalleler

c_CUMHURIYET_MAH. = 0.10439113152405123
c_YENI_MAH. = 0.8956088684759488
x_CUMHURIYET_MAH. = 1.0
x_YENI_MAH. = 1.0

Optimal objective value: 0.00017165082983150448
