HATAY REYHANLI Belediyesi Seçilen Mahalleler

c_ADABUCAK_MAH. = 0.5594252765352561
c_PINARBASI_MAH. = 0.44057472346474397
x_ADABUCAK_MAH. = 1.0
x_PINARBASI_MAH. = 1.0

Optimal objective value: 0.0009810087427588599
