HATAY ERZÝN Belediyesi Seçilen Mahalleler

c_ASAGIBURNAZ_MAH. = 0.44783210220706704
c_YENI_MAH. = 0.552167897792933
x_ASAGIBURNAZ_MAH. = 1.0
x_YENI_MAH. = 1.0

Optimal objective value: 0.0009272037781380416
