HATAY BELEN Belediyesi Seçilen Mahalleler

c_ATIK_MAH. = 0.13975752454059376
c_SARIMAZI_MAH. = 0.8602424754594062
x_ATIK_MAH. = 1.0
x_SARIMAZI_MAH. = 1.0

Optimal objective value: 0.00048005903482173373
