HATAY KIRIKHAN Belediyesi Seçilen Mahalleler

c_KARATAS_MAH. = 0.746032844053172
c_CILOGLANHUYUGU_MAH. = 0.253967155946828
x_KARATAS_MAH. = 1.0
x_CILOGLANHUYUGU_MAH. = 1.0

Optimal objective value: 0.00024698912511778026
