HATAY ÝSKENDERUN Belediyesi Seçilen Mahalleler

c_GURSEL_MAH. = 0.3412904005895311
c_KOCATEPE_MAH. = 0.6587095994104689
x_GURSEL_MAH. = 1.0
x_KOCATEPE_MAH. = 1.0

Optimal objective value: 0.011514683619196608
