HATAY KUMLU Belediyesi Seçilen Mahalleler

c_BATIAYRANCI_MAH. = 0.13528937453820455
c_HATAYHAMAMI_MAH. = 0.8647106254617954
x_BATIAYRANCI_MAH. = 1.0
x_HATAYHAMAMI_MAH. = 1.0

Optimal objective value: 0.0005448590643100104
