HATAY SAMANDAÐ Belediyesi Seçilen Mahalleler

c_ATAKOY_MAH. = 0.3697679810193153
c_MIZRAKLI_MAH. = 0.6302320189806847
x_ATAKOY_MAH. = 1.0
x_MIZRAKLI_MAH. = 1.0

Optimal objective value: 0.007306354060807818
