HATAY PAYAS Belediyesi Seçilen Mahalleler

c_CUMHURIYET_MAH. = 0.3293203718620529
c_KURTUL_MAH. = 0.6706796281379471
x_CUMHURIYET_MAH. = 1.0
x_KURTUL_MAH. = 1.0

Optimal objective value: 0.000557428749614175
