HATAY ANTAKYA Belediyesi Seçilen Mahalleler

c_AKASYA_MAH. = 0.5961018610697078
c_UCGEDIK_MAH. = 0.4038981389302922
x_AKASYA_MAH. = 1.0
x_UCGEDIK_MAH. = 1.0

Optimal objective value: 0.0004623911583852003
