HATAY ALTINÖZÜ Belediyesi Seçilen Mahalleler

c_KAZANCIK_MAH. = 0.16218876441955643
c_KOLCULAR_MAH. = 0.8378112355804436
x_KAZANCIK_MAH. = 1.0
x_KOLCULAR_MAH. = 1.0

Optimal objective value: 0.0008190461126076354
