HATAY DÖRTYOL Belediyesi Seçilen Mahalleler

c_KISLALAR_MAH. = 0.3488277980809976
c_CAYLI_MAH. = 0.6511722019190024
x_KISLALAR_MAH. = 1.0
x_CAYLI_MAH. = 1.0

Optimal objective value: 0.0005907769803198404
