HATAY ARSUZ Belediyesi Seçilen Mahalleler

c_ARPAGEDIK_MAH. = 0.6795083747162667
c_DEREKUYU_MAH. = 0.3204916252837333
x_ARPAGEDIK_MAH. = 1.0
x_DEREKUYU_MAH. = 1.0

Optimal objective value: 0.0002891588361462194
