HATAY DEFNE Belediyesi Seçilen Mahalleler

c_CINARLI_MAH. = 0.9255493119352243
c_UZENGILI_MAH. = 0.07445068806477571
x_CINARLI_MAH. = 1.0
x_UZENGILI_MAH. = 1.0

Optimal objective value: 0.0034890948149146617
