IGDIR TUZLUCA Belediyesi Seçilen Mahalleler

c_ORTA_MAH. = 0.2777251418858221
c_YUKARI_MAH. = 0.7222748581141779
x_ORTA_MAH. = 1.0
x_YUKARI_MAH. = 1.0

Optimal objective value: 0.0014631347252315186
