IGDIR ARALIK Belediyesi Seçilen Mahalleler

c_KOPRULER_MAH. = 0.8056070804394903
c_ORTAKOY_MAH. = 0.19439291956050977
x_KOPRULER_MAH. = 1.0
x_ORTAKOY_MAH. = 1.0

Optimal objective value: 0.0023505617174294224
