IGDIR KARAKOYUNLU Belediyesi Seçilen Mahalleler

c_ERGENEKON_MAH. = 0.6104500019097364
c_FATIH_MAH. = 0.3895499980902634
x_ERGENEKON_MAH. = 1.0
x_FATIH_MAH. = 1.0

Optimal objective value: 2.6394431399956453e-05
