IGDIR IÐDIR MERKEZ Belediyesi Seçilen Mahalleler

c_KONAKLI_MAH. = 0.2206672316907228
c_PIR_SULTAN_ABDAL_MAH. = 0.7793327683092772
x_KONAKLI_MAH. = 1.0
x_PIR_SULTAN_ABDAL_MAH. = 1.0

Optimal objective value: 0.0006104691404741347
