ISPARTA ISPARTA MERKEZ - KULEÖNÜ Belediyesi Seçilen Mahalleler

c_KULEONU-OKUL_MAH. = 0.5776356505363233
c_KULEONU-YENICAMI_MAH. = 0.42236434946367674
x_KULEONU-OKUL_MAH. = 1.0
x_KULEONU-YENICAMI_MAH. = 1.0

Optimal objective value: 0.00032715155650564487
