ISPARTA YALVAÇ Belediyesi Seçilen Mahalleler

c_ABACILAR_MAH. = 0.875653693718115
c_SALUR_MAH. = 0.12434630628188507
x_ABACILAR_MAH. = 1.0
x_SALUR_MAH. = 1.0

Optimal objective value: 0.0008389079698442048
