ISPARTA SENÝRKENT Belediyesi Seçilen Mahalleler

c_HAMIDIYE_MAH. = 0.6580068489365909
c_SEHLER_MAH. = 0.3419931510634091
x_HAMIDIYE_MAH. = 1.0
x_SEHLER_MAH. = 1.0

Optimal objective value: 0.0007506238450327718
