ISPARTA KEÇÝBORLU - SENÝR Belediyesi Seçilen Mahalleler

c_SENIR-CUMHURIYET_MAH. = 0.581898217518722
c_SENIR-YENI_MAH. = 0.41810178248127805
x_SENIR-CUMHURIYET_MAH. = 1.0
x_SENIR-YENI_MAH. = 1.0

Optimal objective value: 0.0004048472909987666
