ISPARTA YENÝÞARBADEMLÝ Belediyesi Seçilen Mahalleler

c_YENICAMI_MAH. = 0.7423710683602175
c_YENICE_MAH. = 0.2576289316397825
x_YENICAMI_MAH. = 1.0
x_YENICE_MAH. = 1.0

Optimal objective value: 0.0009470823656025917
