ISPARTA EÐÝRDÝR - SARIÝDRÝS Belediyesi Seçilen Mahalleler

c_SARIIDRIS-AGA_MAH. = 0.6052512957023689
c_SARIIDRIS-ISTIKLAL_MAH. = 0.3947487042976311
x_SARIIDRIS-AGA_MAH. = 1.0
x_SARIIDRIS-ISTIKLAL_MAH. = 1.0

Optimal objective value: 0.00029029759602494654
