ISPARTA ISPARTA MERKEZ - SAV Belediyesi Seçilen Mahalleler

c_SAV-ASAGI_MAH. = 0.6621079466629755
c_SAV-FATIH_MAH. = 0.33789205333702454
x_SAV-ASAGI_MAH. = 1.0
x_SAV-FATIH_MAH. = 1.0

Optimal objective value: 0.0007966731875845845
