ISPARTA ISPARTA MERKEZ Belediyesi Seçilen Mahalleler

c_ISIKKENT_MAH. = 0.8085974944541092
c_SULUBEY_MAH. = 0.19140250554589078
x_ISIKKENT_MAH. = 1.0
x_SULUBEY_MAH. = 1.0

Optimal objective value: 0.0009272698988669337
