ISPARTA GELENDOST Belediyesi Seçilen Mahalleler

c_17_EYLUL_MAH. = 0.6092264624663554
c_ASAGI_MAH. = 0.39077353753364463
x_17_EYLUL_MAH. = 1.0
x_ASAGI_MAH. = 1.0

Optimal objective value: 0.0006039227680459947
