ISPARTA SÜTÇÜLER Belediyesi Seçilen Mahalleler

c_BELEN_MAH. = 0.6418791108121109
c_BIRLIK_MAH. = 0.35812088918788904
x_BELEN_MAH. = 1.0
x_BIRLIK_MAH. = 1.0

Optimal objective value: 0.04475533563578227
