ISPARTA EÐÝRDÝR Belediyesi Seçilen Mahalleler

c_ALTINKUM_MAH. = 0.7060791973707008
c_KONYA_BUCAGI_MAH. = 0.29392080262929915
x_ALTINKUM_MAH. = 1.0
x_KONYA_BUCAGI_MAH. = 1.0

Optimal objective value: 0.0008363020506978458
