ISPARTA ÞARKÝKARAAÐAÇ Belediyesi Seçilen Mahalleler

c_ALCIKLAR_MAH. = 0.5444870504905923
c_ULVIKALE_MAH. = 0.45551294950940774
x_ALCIKLAR_MAH. = 1.0
x_ULVIKALE_MAH. = 1.0

Optimal objective value: 0.02322258295268309
