ISPARTA YALVAÇ - HÜYÜKLÜ Belediyesi Seçilen Mahalleler

c_HUYUKLU-MESCIT_MAH. = 0.13467386908090206
c_HUYUKLU-YENI_MAH. = 0.8653261309190979
x_HUYUKLU-MESCIT_MAH. = 1.0
x_HUYUKLU-YENI_MAH. = 1.0

Optimal objective value: 0.00759332635031329
