ISPARTA ATABEY Belediyesi Seçilen Mahalleler

c_ALTUNBA_MAH. = 0.6115539279714995
c_PAZAR_MAH. = 0.38844607202850046
x_ALTUNBA_MAH. = 1.0
x_PAZAR_MAH. = 1.0

Optimal objective value: 0.00015249786654603081
