ISPARTA GÖNEN - GÜNEYKENT Belediyesi Seçilen Mahalleler

c_GUNEYKENT-BALADIZ_MAH. = 0.3716273204750196
c_GUNEYKENT-ORTA_MAH. = 0.6283726795249804
x_GUNEYKENT-BALADIZ_MAH. = 1.0
x_GUNEYKENT-ORTA_MAH. = 1.0

Optimal objective value: 0.0006855149036955055
