ISTANBUL ÜMRANÝYE Belediyesi Seçilen Mahalleler

c_SITE_MAH. = 0.25498324145473295
c_TOPAGACI_MAH. = 0.745016758545267
x_SITE_MAH. = 1.0
x_TOPAGACI_MAH. = 1.0

Optimal objective value: 0.0007005661039440891
