ISTANBUL BAYRAMPAÞA Belediyesi Seçilen Mahalleler

c_ALTINTEPSI_MAH. = 0.5876186935598361
c_ORTA_MAH. = 0.4123813064401639
x_ALTINTEPSI_MAH. = 1.0
x_ORTA_MAH. = 1.0

Optimal objective value: 0.000975164799178585
