ISTANBUL PENDÝK Belediyesi Seçilen Mahalleler

c_AHMET_YESEVI_MAH. = 0.36756675093005176
c_SEYHLI_MAH. = 0.6324332490699482
x_AHMET_YESEVI_MAH. = 1.0
x_SEYHLI_MAH. = 1.0

Optimal objective value: 0.0006043589511126601
