ISTANBUL BAÐCILAR Belediyesi Seçilen Mahalleler

c_HURRIYET_MAH. = 0.16432706732760383
c_YENIGUN_MAH. = 0.8356729326723962
x_HURRIYET_MAH. = 1.0
x_YENIGUN_MAH. = 1.0

Optimal objective value: 0.009452827223626614
