ISTANBUL BEYKOZ Belediyesi Seçilen Mahalleler

c_GOZTEPE_MAH. = 0.3400776131694697
c_YAVUZ_SELIM_MAH. = 0.6599223868305303
x_GOZTEPE_MAH. = 1.0
x_YAVUZ_SELIM_MAH. = 1.0

Optimal objective value: 0.0015009047621840077
