ISTANBUL BEYOÐLU Belediyesi Seçilen Mahalleler

c_ARAP_CAMI__MAH. = 0.027689349607722284
c_PIYALEPASA__MAH. = 0.9723106503922777
x_ARAP_CAMI__MAH. = 1.0
x_PIYALEPASA__MAH. = 1.0

Optimal objective value: 0.0009816522230738922
