ISTANBUL AVCILAR Belediyesi Seçilen Mahalleler

c_AMBARLI_MAH. = 0.46745720879225916
c_MUSTAFA_KEMALPASA_MAH. = 0.5325427912077408
x_AMBARLI_MAH. = 1.0
x_MUSTAFA_KEMALPASA_MAH. = 1.0

Optimal objective value: 0.00032392643474188354
