ISTANBUL BEÞÝKTAÞ Belediyesi Seçilen Mahalleler

c_ABBASAGA_MAH. = 0.3746738159670049
c_ETILER_MAH. = 0.6253261840329951
x_ABBASAGA_MAH. = 1.0
x_ETILER_MAH. = 1.0

Optimal objective value: 0.0006588483605445283
