ISTANBUL ESENYURT Belediyesi Seçilen Mahalleler

c_AKCABURGAZ_MAH. = 0.18313653528016183
c_YESILKENT_MAH. = 0.8168634647198382
x_AKCABURGAZ_MAH. = 1.0
x_YESILKENT_MAH. = 1.0

Optimal objective value: 0.00020743088862518189
