ISTANBUL KADIKÖY Belediyesi Seçilen Mahalleler

c_19_MAYIS_MAH. = 0.7173536336479032
c_RASIMPASA_MAH. = 0.2826463663520969
x_19_MAYIS_MAH. = 1.0
x_RASIMPASA_MAH. = 1.0

Optimal objective value: 0.0004192371407172324
