ISTANBUL TUZLA Belediyesi Seçilen Mahalleler

c_AKFIRAT_MAH. = 0.1323712120818109
c_YAYLA_MAH. = 0.8676287879181891
x_AKFIRAT_MAH. = 1.0
x_YAYLA_MAH. = 1.0

Optimal objective value: 0.0005435167842217092
