ISTANBUL KÜÇÜKÇEKMECE Belediyesi Seçilen Mahalleler

c_ATAKENT_MAH. = 0.11516544827286301
c_ISTASYON_MAH. = 0.884834551727137
x_ATAKENT_MAH. = 1.0
x_ISTASYON_MAH. = 1.0

Optimal objective value: 0.000676914447114263
