ISTANBUL BEYLÝKDÜZÜ Belediyesi Seçilen Mahalleler

c_ADNAN_KAHVECI_MAH. = 0.7231467983642508
c_GURPINAR_MAH. = 0.2768532016357492
x_ADNAN_KAHVECI_MAH. = 1.0
x_GURPINAR_MAH. = 1.0

Optimal objective value: 0.000910864120703514
