ISTANBUL SULTANGAZÝ Belediyesi Seçilen Mahalleler

c_75._YIL_MAH. = 0.30920839361059005
c_HABIBLER_MAH. = 0.69079160638941
x_75._YIL_MAH. = 1.0
x_HABIBLER_MAH. = 1.0

Optimal objective value: 0.002258099773695066
