ISTANBUL SARIYER Belediyesi Seçilen Mahalleler

c_DARUSSAFAKA_MAH. = 0.1256945543422118
c_SARIYER_MERKEZ_MAH. = 0.8743054456577882
x_DARUSSAFAKA_MAH. = 1.0
x_SARIYER_MERKEZ_MAH. = 1.0

Optimal objective value: 0.00030876815125158164
