ISTANBUL ATAÞEHÝR Belediyesi Seçilen Mahalleler

c_INONU_MAH. = 0.20672980991110182
c_ICERENKOY_MAH. = 0.7932701900888982
x_INONU_MAH. = 1.0
x_ICERENKOY_MAH. = 1.0

Optimal objective value: 0.0003384528797246711
