ISTANBUL ESENLER Belediyesi Seçilen Mahalleler

c_BIRLIK_MAH. = 0.49846975747536104
c_HAVAALANI_MAH. = 0.501530242524639
x_BIRLIK_MAH. = 1.0
x_HAVAALANI_MAH. = 1.0

Optimal objective value: 0.005825170323521922
