ISTANBUL BAÞAKÞEHÝR Belediyesi Seçilen Mahalleler

c_SAHINTEPE_MAH. = 0.5916065160718449
c_SAMLAR_MAH. = 0.4083934839281551
x_SAHINTEPE_MAH. = 1.0
x_SAMLAR_MAH. = 1.0

Optimal objective value: 0.0024582558890252626
