ISTANBUL GÜNGÖREN Belediyesi Seçilen Mahalleler

c_AKINCILAR_MAH. = 0.7930228414840247
c_MEHMET_NESIH_OZMEN_MAH. = 0.20697715851597534
x_AKINCILAR_MAH. = 1.0
x_MEHMET_NESIH_OZMEN_MAH. = 1.0

Optimal objective value: 0.0024079767731195467
