ISTANBUL ADALAR Belediyesi Seçilen Mahalleler

c_BURGAZADA_MAH. = 0.005466751367586231
c_HEYBELIADA_MAH. = 0.9945332486324138
x_BURGAZADA_MAH. = 1.0
x_HEYBELIADA_MAH. = 1.0

Optimal objective value: 0.018797031994791547
