ISTANBUL ÇEKMEKÖY Belediyesi Seçilen Mahalleler

c_MEHMET_AKIF_MAH. = 0.6628205564996543
c_SIRAPINAR_MAH. = 0.3371794435003456
x_MEHMET_AKIF_MAH. = 1.0
x_SIRAPINAR_MAH. = 1.0

Optimal objective value: 0.013241030423588707
