ISTANBUL ÞÝÞLÝ Belediyesi Seçilen Mahalleler

c_ESENTEPE_MAH. = 0.27185891655856176
c_MAHMUT_SEVKET_PASA_MAH. = 0.7281410834414382
x_ESENTEPE_MAH. = 1.0
x_MAHMUT_SEVKET_PASA_MAH. = 1.0

Optimal objective value: 0.026619554273086043
