ISTANBUL GAZÝOSMANPAÞA Belediyesi Seçilen Mahalleler

c_KARLITEPE_MAH. = 0.49735531283707024
c_KAZIM_KARABEKIR_MAH. = 0.5026446871629298
x_KARLITEPE_MAH. = 1.0
x_KAZIM_KARABEKIR_MAH. = 1.0

Optimal objective value: 0.0013855537625123704
