ISTANBUL MALTEPE Belediyesi Seçilen Mahalleler

c_ALTAYCESME_MAH. = 0.6858062094002431
c_ZUMRUTEVLER_MAH. = 0.31419379059975694
x_ALTAYCESME_MAH. = 1.0
x_ZUMRUTEVLER_MAH. = 1.0

Optimal objective value: 0.0006985369809021647
