ISTANBUL SULTANBEYLÝ Belediyesi Seçilen Mahalleler

c_ABDURRAHMANGAZI_MAH. = 0.40927424837187876
c_FATIH__MAH. = 0.5907257516281212
x_ABDURRAHMANGAZI_MAH. = 1.0
x_FATIH__MAH. = 1.0

Optimal objective value: 0.015313052358633228
