ISTANBUL SANCAKTEPE Belediyesi Seçilen Mahalleler

c_KEMAL_TURKLER_MAH. = 0.6805365406623516
c_YUNUS_EMRE_MAH. = 0.3194634593376484
x_KEMAL_TURKLER_MAH. = 1.0
x_YUNUS_EMRE_MAH. = 1.0

Optimal objective value: 0.0005779656320882287
