ISTANBUL KARTAL Belediyesi Seçilen Mahalleler

c_CUMHURIYET_MAH. = 0.47046280522415485
c_ESENTEPE_MAH. = 0.5295371947758452
x_CUMHURIYET_MAH. = 1.0
x_ESENTEPE_MAH. = 1.0

Optimal objective value: 0.000236772864894208
