ISTANBUL ZEYTÝNBURNU Belediyesi Seçilen Mahalleler

c_BESTELSIZ_MAH. = 0.8669380120838148
c_YESILTEPE_MAH. = 0.13306198791618515
x_BESTELSIZ_MAH. = 1.0
x_YESILTEPE_MAH. = 1.0

Optimal objective value: 0.000321618257329348
