ISTANBUL BAHÇELÝEVLER Belediyesi Seçilen Mahalleler

c_BAHCELIEVLER_MAH. = 0.08536499347297355
c_KOCASINAN_MERKEZ_MAH. = 0.9146350065270265
x_BAHCELIEVLER_MAH. = 1.0
x_KOCASINAN_MERKEZ_MAH. = 1.0

Optimal objective value: 0.0013061060160268756
