ISTANBUL ÜSKÜDAR Belediyesi Seçilen Mahalleler

c_ACIBADEM_MAH. = 0.16344370731582292
c_CUMHURIYET_MAH. = 0.8365562926841771
x_ACIBADEM_MAH. = 1.0
x_CUMHURIYET_MAH. = 1.0

Optimal objective value: 0.000224482706378204
