ISTANBUL BÜYÜKÇEKMECE Belediyesi Seçilen Mahalleler

c_FATIH_MAH. = 0.47276924657628105
c_MIMARSINAN_MAH. = 0.527230753423719
x_FATIH_MAH. = 1.0
x_MIMARSINAN_MAH. = 1.0

Optimal objective value: 0.00012773066401527977
