ISTANBUL SÝLÝVRÝ Belediyesi Seçilen Mahalleler

c_DANAMANDIRA_MAH. = 0.23826196954926404
c_CANTA_SANCAKTEPE_MAH. = 0.761738030450736
x_DANAMANDIRA_MAH. = 1.0
x_CANTA_SANCAKTEPE_MAH. = 1.0

Optimal objective value: 0.0017236080902218731
