ISTANBUL KAÐITHANE Belediyesi Seçilen Mahalleler

c_EMNIYET_EVLERI_MAH. = 0.26654058467692954
c_YESILCE_MAH. = 0.7334594153230705
x_EMNIYET_EVLERI_MAH. = 1.0
x_YESILCE_MAH. = 1.0

Optimal objective value: 0.002881914165574262
