ISTANBUL BAKIRKÖY Belediyesi Seçilen Mahalleler

c_ATAKOY_7-8-9-10._KISIM_MAH. = 0.5909735134432722
c_SENLIKKOY_MAH. = 0.4090264865567278
x_ATAKOY_7-8-9-10._KISIM_MAH. = 1.0
x_SENLIKKOY_MAH. = 1.0

Optimal objective value: 0.0019938924439075745
