ISTANBUL ARNAVUTKÖY Belediyesi Seçilen Mahalleler

c_FATIH_MAH. = 0.637704143883566
c_KARABURUN_MAH. = 0.362295856116434
x_FATIH_MAH. = 1.0
x_KARABURUN_MAH. = 1.0

Optimal objective value: 0.012352520813212586
