ISTANBUL FATÝH Belediyesi Seçilen Mahalleler

c_MEVLANAKAPI_MAH. = 0.7418697027439092
c_RUSTEMPASA_MAH. = 0.2581302972560909
x_MEVLANAKAPI_MAH. = 1.0
x_RUSTEMPASA_MAH. = 1.0

Optimal objective value: 0.0007360470566138977
