IZMIR KARABURUN Belediyesi Seçilen Mahalleler

c_EGLENHOCA_MAH. = 0.5568893788394078
c_ISKELE_MAH. = 0.44311062116059224
x_EGLENHOCA_MAH. = 1.0
x_ISKELE_MAH. = 1.0

Optimal objective value: 0.00125303480103367
