IZMIR TORBALI Belediyesi Seçilen Mahalleler

c_19_MAYIS_MAH. = 0.15718306755775402
c_TORBALI_MAH. = 0.842816932442246
x_19_MAYIS_MAH. = 1.0
x_TORBALI_MAH. = 1.0

Optimal objective value: 0.000623829314331581
