IZMIR MENEMEN Belediyesi Seçilen Mahalleler

c_29_EKIM_MAH. = 0.4969751581703925
c_ISMET_INONU_MAH. = 0.5030248418296075
x_29_EKIM_MAH. = 1.0
x_ISMET_INONU_MAH. = 1.0

Optimal objective value: 0.000768797090307638
