IZMIR TÝRE Belediyesi Seçilen Mahalleler

c_GOKCEN_MAH. = 0.27621820903068706
c_CINIYERI_MAH. = 0.7237817909693129
x_GOKCEN_MAH. = 1.0
x_CINIYERI_MAH. = 1.0

Optimal objective value: 0.0010493821117997237
