IZMIR ÖDEMÝÞ Belediyesi Seçilen Mahalleler

c_BOZDAG_MAH. = 0.0730496039656374
c_MESRUTIYET_MAH. = 0.9269503960343626
x_BOZDAG_MAH. = 1.0
x_MESRUTIYET_MAH. = 1.0

Optimal objective value: 0.0005128164195848939
