IZMIR ÇÝÐLÝ Belediyesi Seçilen Mahalleler

c_AHMET_EFENDI_MAH. = 0.16698579555335136
c_YAKAKENT_MAH. = 0.8330142044466486
x_AHMET_EFENDI_MAH. = 1.0
x_YAKAKENT_MAH. = 1.0

Optimal objective value: 0.0011771266773645817
