IZMIR KEMALPAÞA Belediyesi Seçilen Mahalleler

c_SINANCILAR_MAH. = 0.664717704083278
c_YESILYURT_MAH. = 0.335282295916722
x_SINANCILAR_MAH. = 1.0
x_YESILYURT_MAH. = 1.0

Optimal objective value: 0.0011917810186446998
