IZMIR KINIK Belediyesi Seçilen Mahalleler

c_ARPASEKI_MAH. = 0.3914028543291067
c_MUSACALI_MAH. = 0.6085971456708933
x_ARPASEKI_MAH. = 1.0
x_MUSACALI_MAH. = 1.0

Optimal objective value: 0.0017735257319981823
