IZMIR ÇEÞME Belediyesi Seçilen Mahalleler

c_BOYALIK_MAH. = 0.3348528302527132
c_ISMET_INONU_MAH. = 0.6651471697472868
x_BOYALIK_MAH. = 1.0
x_ISMET_INONU_MAH. = 1.0

Optimal objective value: 0.0006482377503544967
