IZMIR BUCA Belediyesi Seçilen Mahalleler

c_BELENBASI_MAH. = 0.6926136171905095
c_KURUCESME_MAH. = 0.30738638280949054
x_BELENBASI_MAH. = 1.0
x_KURUCESME_MAH. = 1.0

Optimal objective value: 0.0011455320404254454
