IZMIR KARABAÐLAR Belediyesi Seçilen Mahalleler

c_METIN_OKTAY_MAH. = 0.7420847471151515
c_OZGUR_MAH. = 0.25791525288484857
x_METIN_OKTAY_MAH. = 1.0
x_OZGUR_MAH. = 1.0

Optimal objective value: 0.0007907640133569815
