IZMIR BAYRAKLI Belediyesi Seçilen Mahalleler

c_POSTACILAR_MAH. = 0.6538725397563991
c_CICEK_MAH. = 0.3461274602436008
x_POSTACILAR_MAH. = 1.0
x_CICEK_MAH. = 1.0

Optimal objective value: 0.0008164716084912982
