IZMIR FOÇA Belediyesi Seçilen Mahalleler

c_FEVZIPASA_MAH. = 0.34674952684860283
c_KAZIM_DIRIK_MAH. = 0.6532504731513972
x_FEVZIPASA_MAH. = 1.0
x_KAZIM_DIRIK_MAH. = 1.0

Optimal objective value: 0.0015488245166596082
