IZMIR BORNOVA Belediyesi Seçilen Mahalleler

c_ATATURK_MAH. = 0.7791213378545438
c_KAVAKLIDERE_MAH. = 0.2208786621454562
x_ATATURK_MAH. = 1.0
x_KAVAKLIDERE_MAH. = 1.0

Optimal objective value: 0.0006970075124880237
