IZMIR NARLIDERE Belediyesi Seçilen Mahalleler

c_2._INONU_MAH. = 0.19827801878796633
c_YENIKALE_MAH. = 0.8017219812120336
x_2._INONU_MAH. = 1.0
x_YENIKALE_MAH. = 1.0

Optimal objective value: 0.0032246714432904167
