IZMIR GAZÝEMÝR Belediyesi Seçilen Mahalleler

c_MENDERES_MAH. = 0.6068874941707918
c_SEVGI_MAH. = 0.39311250582920815
x_MENDERES_MAH. = 1.0
x_SEVGI_MAH. = 1.0

Optimal objective value: 0.0012079869740354576
