IZMIR MENDERES Belediyesi Seçilen Mahalleler

c_OGLANANASI_CUMHURIYET_MAH. = 0.5083522149370401
c_CAKALTEPE_MAH. = 0.4916477850629599
x_OGLANANASI_CUMHURIYET_MAH. = 1.0
x_CAKALTEPE_MAH. = 1.0

Optimal objective value: 0.0009411289829280856
