IZMIR DÝKÝLÝ Belediyesi Seçilen Mahalleler

c_BADEMLI_MAH. = 0.7829126118164138
c_CANDARLI_MAH. = 0.21708738818358625
x_BADEMLI_MAH. = 1.0
x_CANDARLI_MAH. = 1.0

Optimal objective value: 0.0010453263541450042
