IZMIR KÝRAZ Belediyesi Seçilen Mahalleler

c_AHMETLER_MAH. = 0.18666119291411476
c_SEMSILER_MAH. = 0.8133388070858852
x_AHMETLER_MAH. = 1.0
x_SEMSILER_MAH. = 1.0

Optimal objective value: 0.0010626367929543745
