IZMIR BAYINDIR Belediyesi Seçilen Mahalleler

c_ATATURK_MAH. = 0.4413186181273576
c_FATIH_MAH. = 0.5586813818726424
x_ATATURK_MAH. = 1.0
x_FATIH_MAH. = 1.0

Optimal objective value: 0.0007458802874039661
