IZMIR BERGAMA Belediyesi Seçilen Mahalleler

c_AHMETBEYLER_MAH. = 0.32525424070609477
c_ZAGNOZ_MAH. = 0.6747457592939052
x_AHMETBEYLER_MAH. = 1.0
x_ZAGNOZ_MAH. = 1.0

Optimal objective value: 0.0008107552677375507
