IZMIR KARÞIYAKA Belediyesi Seçilen Mahalleler

c_FIKRI_ALTAY_MAH. = 0.6418772441591438
c_MAVISEHIR_MAH. = 0.35812275584085623
x_FIKRI_ALTAY_MAH. = 1.0
x_MAVISEHIR_MAH. = 1.0

Optimal objective value: 0.001241326034902679
