IZMIR BEYDAÐ Belediyesi Seçilen Mahalleler

c_ADAKURE_MAH. = 0.7754915480597957
c_CIFTLIKKOY_MAH. = 0.22450845194020433
x_ADAKURE_MAH. = 1.0
x_CIFTLIKKOY_MAH. = 1.0

Optimal objective value: 0.00034207727929846943
