KAHRAMANMARAS ELBÝSTAN Belediyesi Seçilen Mahalleler

c_AKOREN_MAH. = 0.787350161267096
c_CITLIK_MAH. = 0.212649838732904
x_AKOREN_MAH. = 1.0
x_CITLIK_MAH. = 1.0

Optimal objective value: 0.0009777425204722245
