KAHRAMANMARAS TÜRKOÐLU Belediyesi Seçilen Mahalleler

c_HACIBEBEK_MAH. = 0.8912978196832231
c_OZBEK_MAH. = 0.108702180316729
x_HACIBEBEK_MAH. = 1.0
x_OZBEK_MAH. = 1.0

Optimal objective value: 0.009049843633754051
