KAHRAMANMARAS ONÝKÝÞUBAT Belediyesi Seçilen Mahalleler

c_5_NISAN_MAH. = 0.5337539840812691
c_SUCATI_MAH. = 0.46624601591873094
x_5_NISAN_MAH. = 1.0
x_SUCATI_MAH. = 1.0

Optimal objective value: 0.0006279462616776144
