KAHRAMANMARAS ÇAÐLAYANCERÝT Belediyesi Seçilen Mahalleler

c_FATIH_MAH. = 0.5944847011693746
c_KUCUKUNGUT_MAH. = 0.4055152988306254
x_FATIH_MAH. = 1.0
x_KUCUKUNGUT_MAH. = 1.0

Optimal objective value: 0.10174272701359222
