KAHRAMANMARAS NURHAK Belediyesi Seçilen Mahalleler

c_PINARBASI_MAH. = 0.861048333921395
c_TATLAR_MAH. = 0.13895166607860493
x_PINARBASI_MAH. = 1.0
x_TATLAR_MAH. = 1.0

Optimal objective value: 0.06682314976459058
