KAHRAMANMARAS EKÝNÖZÜ Belediyesi Seçilen Mahalleler

c_ATAKOY_MAH. = 0.2492901553842214
c_OZTURK_MAH. = 0.7507098446157786
x_ATAKOY_MAH. = 1.0
x_OZTURK_MAH. = 1.0

Optimal objective value: 0.0005471252485079736
