KAHRAMANMARAS AFÞÝN Belediyesi Seçilen Mahalleler

c_AFSINBEY_MAH. = 0.9040856223855098
c_CUKURPINAR_MAH. = 0.09591437761449018
x_AFSINBEY_MAH. = 1.0
x_CUKURPINAR_MAH. = 1.0

Optimal objective value: 0.0007378030043183603
