KAHRAMANMARAS ANDIRIN Belediyesi Seçilen Mahalleler

c_AKGUMUS_MAH. = 0.4057873435377435
c_YESILOVA_MAH. = 0.5942126564622565
x_AKGUMUS_MAH. = 1.0
x_YESILOVA_MAH. = 1.0

Optimal objective value: 0.0003087097016816198
