KAHRAMANMARAS DULKADÝROÐLU Belediyesi Seçilen Mahalleler

c_ELMALAR_MAH. = 0.20474781664852626
c_SEYH_ADIL_MAH. = 0.7952521833514737
x_ELMALAR_MAH. = 1.0
x_SEYH_ADIL_MAH. = 1.0

Optimal objective value: 0.001073881022996881
