KAHRAMANMARAS GÖKSUN Belediyesi Seçilen Mahalleler

c_KINIKKOZ_MAH. = 0.6863339015837606
c_YOGUNOLUK_MAH. = 0.3136660984162394
x_KINIKKOZ_MAH. = 1.0
x_YOGUNOLUK_MAH. = 1.0

Optimal objective value: 0.0009288319667718481
