KAHRAMANMARAS PAZARCIK Belediyesi Seçilen Mahalleler

c_CICEKALANI_MAH. = 0.16328151129408464
c_SEHIT_NURETTIN_ADEMOGLU_MAH. = 0.8367184887059154
x_CICEKALANI_MAH. = 1.0
x_SEHIT_NURETTIN_ADEMOGLU_MAH. = 1.0

Optimal objective value: 0.0004721073580765678
