KARAMAN ERMENEK - KAZANCI Belediyesi Seçilen Mahalleler

c_KAZANCI-BUCAK_MAH. = 0.2540407203261823
c_KAZANCI-GOKCELER_MAH. = 0.7459592796738177
x_KAZANCI-BUCAK_MAH. = 1.0
x_KAZANCI-GOKCELER_MAH. = 1.0

Optimal objective value: 0.0010007471190676132
