KARABUK ESKÝPAZAR Belediyesi Seçilen Mahalleler

c_KIRANKOY_MAH. = 0.2838846905454062
c_MERKEZ_MAH. = 0.7161153094545938
x_KIRANKOY_MAH. = 1.0
x_MERKEZ_MAH. = 1.0

Optimal objective value: 0.0013947841765533653
