KARABUK EFLANÝ Belediyesi Seçilen Mahalleler

c_CANDAROGULLARI_MAH. = 0.7969175191219471
c_KAYADIBI_MAH. = 0.20308248087805292
x_CANDAROGULLARI_MAH. = 1.0
x_KAYADIBI_MAH. = 1.0

Optimal objective value: 0.003267189596349862
