KARAMAN ERMENEK Belediyesi Seçilen Mahalleler

c_SEYRAN_MAH. = 0.46190476190476193
c_SUSAKLI_MAH. = 0.5380952380952381
x_SEYRAN_MAH. = 1.0
x_SUSAKLI_MAH. = 1.0

Optimal objective value: 0.0008793045046786574
