KARABUK KARABÜK MERKEZ Belediyesi Seçilen Mahalleler

c_100.YIL_MAH. = 0.5291830616734247
c_YENI_MAH. = 0.47081693832657534
x_100.YIL_MAH. = 1.0
x_YENI_MAH. = 1.0

Optimal objective value: 0.0008528513941082894
