KARAMAN SARIVELÝLER Belediyesi Seçilen Mahalleler

c_MERKEZ_MAH. = 0.6145478941747333
c_ULUCAMI_MAH. = 0.38545210582526673
x_MERKEZ_MAH. = 1.0
x_ULUCAMI_MAH. = 1.0

Optimal objective value: 0.0005459000256988755
