KARAMAN KARAMAN MERKEZ Belediyesi Seçilen Mahalleler

c_ABBAS_MAH. = 0.46379725759848256
c_SEYH_SAMIL_MAH. = 0.5362027424015174
x_ABBAS_MAH. = 1.0
x_SEYH_SAMIL_MAH. = 1.0

Optimal objective value: 0.0004671665414496262
