KARABUK YENÝCE - YORTAN Belediyesi Seçilen Mahalleler

c_YORTAN-ATATURK_MAH. = 0.3239326274508254
c_YORTAN-MERKEZ_MAH. = 0.6760673725491746
x_YORTAN-ATATURK_MAH. = 1.0
x_YORTAN-MERKEZ_MAH. = 1.0

Optimal objective value: 0.0006217430992290218
