KARAMAN BAÞYAYLA Belediyesi Seçilen Mahalleler

c_GOZTEPE_MAH. = 0.2555275448885247
c_KIRAZLIYAYLA_MAH. = 0.7444724551114753
x_GOZTEPE_MAH. = 1.0
x_KIRAZLIYAYLA_MAH. = 1.0

Optimal objective value: 8.930801548023837e-05
