KARABUK SAFRANBOLU Belediyesi Seçilen Mahalleler

c_AKCASU_MAH. = 0.1723032361315458
c_EMEK_MAH. = 0.8276967638684543
x_AKCASU_MAH. = 1.0
x_EMEK_MAH. = 1.0

Optimal objective value: 0.000686862522721432
