KARABUK YENÝCE Belediyesi Seçilen Mahalleler

c_FATIH_MAH. = 0.4152263200194777
c_OZAL_MAH. = 0.5847736799805223
x_FATIH_MAH. = 1.0
x_OZAL_MAH. = 1.0

Optimal objective value: 0.0004334205596928653
