KARAMAN KAZIMKARABEKÝR Belediyesi Seçilen Mahalleler

c_SELCUKLU_MAH. = 0.35098631155894017
c_TIMSAL_MAH. = 0.6490136884410603
x_SELCUKLU_MAH. = 1.0
x_TIMSAL_MAH. = 1.0

Optimal objective value: 0.0006957501164995827
