KARS SELÝM Belediyesi Seçilen Mahalleler

c_CUMHURIYET_MAH. = 0.5818617755157194
c_KOPRUBASI_MAH. = 0.4181382244842807
x_CUMHURIYET_MAH. = 1.0
x_KOPRUBASI_MAH. = 1.0

Optimal objective value: 0.029106787424758473
