KARS KAÐIZMAN Belediyesi Seçilen Mahalleler

c_ZUVAR_MAH. = 0.22007223232271453
c_SAHINDERE_MAH. = 0.7799277676772854
x_ZUVAR_MAH. = 1.0
x_SAHINDERE_MAH. = 1.0

Optimal objective value: 0.0003357898399382053
