KARS SARIKAMIÞ Belediyesi Seçilen Mahalleler

c_TEPE_MAH. = 0.7173282864547919
c_ISTASYON_MAH. = 0.2826717135452082
x_TEPE_MAH. = 1.0
x_ISTASYON_MAH. = 1.0

Optimal objective value: 0.0013549527132764583
