KARS KARS MERKEZ Belediyesi Seçilen Mahalleler

c_ORNEK_MAH. = 0.5534586736892053
c_ISTASYON_MAH. = 0.44654132631079463
x_ORNEK_MAH. = 1.0
x_ISTASYON_MAH. = 1.0

Optimal objective value: 0.000859916190832366
