KASTAMONU SEYDÝLER Belediyesi Seçilen Mahalleler

c_DEMIRCIOZU_MAH. = 0.21557316943615487
c_MERKEZ_MAH. = 0.7844268305638451
x_DEMIRCIOZU_MAH. = 1.0
x_MERKEZ_MAH. = 1.0

Optimal objective value: 0.0037523548243496574
