KASTAMONU ABANA Belediyesi Seçilen Mahalleler

c_MERKEZ_MAH. = 0.9165893457132508
c_CAYIRCIK_MAH. = 0.08341065428674921
x_MERKEZ_MAH. = 1.0
x_CAYIRCIK_MAH. = 1.0

Optimal objective value: 0.0006809121415495278
