KASTAMONU KASTAMONU MERKEZ Belediyesi Seçilen Mahalleler

c_AKMESCIT_MAH. = 0.385029967893446
c_INONU_MAH. = 0.614970032106554
x_AKMESCIT_MAH. = 1.0
x_INONU_MAH. = 1.0

Optimal objective value: 0.0002514334941694507
