KASTAMONU ÇATALZEYTÝN Belediyesi Seçilen Mahalleler

c_MERKEZ_MAH. = 0.9692456470205997
c_CELEBILER_MAH. = 0.030754352979408057
x_MERKEZ_MAH. = 1.0
x_CELEBILER_MAH. = 1.0

Optimal objective value: 0.00032896057420461755
