KASTAMONU ÝNEBOLU Belediyesi Seçilen Mahalleler

c_AVARA_MAH. = 0.08197411737587057
c_ASAGIHATIPBAGI_MAH. = 0.9180258826241294
x_AVARA_MAH. = 1.0
x_ASAGIHATIPBAGI_MAH. = 1.0

Optimal objective value: 0.0003822495092047351
