KASTAMONU AZDAVAY Belediyesi Seçilen Mahalleler

c_BAHCELIEVLER_MAH. = 0.270670586463038
c_YENI_MAH. = 0.729329413536962
x_BAHCELIEVLER_MAH. = 1.0
x_YENI_MAH. = 1.0

Optimal objective value: 0.0011242084630228577
