KASTAMONU CÝDE Belediyesi Seçilen Mahalleler

c_BAGYURDU_MAH. = 0.26772558784148304
c_CUMHURIYET_MAH. = 0.732274412158517
x_BAGYURDU_MAH. = 1.0
x_CUMHURIYET_MAH. = 1.0

Optimal objective value: 0.00047201929325302316
