KASTAMONU ARAÇ Belediyesi Seçilen Mahalleler

c_MESUDIYE_MAH. = 0.06280084249916484
c_YUKARIARAC_MAH. = 0.9371991575008352
x_MESUDIYE_MAH. = 1.0
x_YUKARIARAC_MAH. = 1.0

Optimal objective value: 0.0007413633677474385
