KASTAMONU TOSYA Belediyesi Seçilen Mahalleler

c_HACI_KEMAL_MAH. = 0.5603859570543669
c_YUNUS_EMRE_MAH. = 0.4396140429456331
x_HACI_KEMAL_MAH. = 1.0
x_YUNUS_EMRE_MAH. = 1.0

Optimal objective value: 0.0004218323121346623
