KASTAMONU DADAY Belediyesi Seçilen Mahalleler

c_KELEBEK_MAH. = 0.2932054535475447
c_MERKEZ_MAH. = 0.7067945464524553
x_KELEBEK_MAH. = 1.0
x_MERKEZ_MAH. = 1.0

Optimal objective value: 0.00036628855444165165
