KASTAMONU DEVREKANÝ Belediyesi Seçilen Mahalleler

c_CAYIRCIK_MAH. = 0.2950275367792357
c_ISMAILBEY_MAH. = 0.7049724632207643
x_CAYIRCIK_MAH. = 1.0
x_ISMAILBEY_MAH. = 1.0

Optimal objective value: 0.0006446490822504813
