KASTAMONU TAÞKÖPRÜ Belediyesi Seçilen Mahalleler

c_KARASAIT_MAH. = 0.39455538424478886
c_SUMER_MAH. = 0.6054446157552111
x_KARASAIT_MAH. = 1.0
x_SUMER_MAH. = 1.0

Optimal objective value: 0.000898163166030419
