KASTAMONU KÜRE Belediyesi Seçilen Mahalleler

c_CAMIKEBIR_MAH. = 0.47494773230352105
c_SAMAN_MAH. = 0.525052267696479
x_CAMIKEBIR_MAH. = 1.0
x_SAMAN_MAH. = 1.0

Optimal objective value: 0.001242822886516115
