KASTAMONU HANÖNÜ Belediyesi Seçilen Mahalleler

c_GELINBUKU_MAH. = 0.045033851108330025
c_HANONU_MAH. = 0.95496614889167
x_GELINBUKU_MAH. = 1.0
x_HANONU_MAH. = 1.0

Optimal objective value: 0.007846082645140529
