KASTAMONU ÞENPAZAR Belediyesi Seçilen Mahalleler

c_MERKEZ_MAH. = 0.6558925101067805
c_CEVRIK_MAH. = 0.3441074898932195
x_MERKEZ_MAH. = 1.0
x_CEVRIK_MAH. = 1.0

Optimal objective value: 0.001346656732451157
