KASTAMONU AÐLI Belediyesi Seçilen Mahalleler

c_SELMANLI_MAH. = 0.4179201793426257
c_YAGLICA_MAH. = 0.5820798206573743
x_SELMANLI_MAH. = 1.0
x_YAGLICA_MAH. = 1.0

Optimal objective value: 0.001215841710863086
