KASTAMONU PINARBAÞI Belediyesi Seçilen Mahalleler

c_CUMHURIYET_MAH. = 0.5226890046647241
c_UZUNCAM_MAH. = 0.4773109953352759
x_CUMHURIYET_MAH. = 1.0
x_UZUNCAM_MAH. = 1.0

Optimal objective value: 0.0017984178911202298
