KAYSERI KOCASÝNAN Belediyesi Seçilen Mahalleler

c_AHI_EVRAN_MAH. = 0.7757381165818693
c_YUREGIL_MAH. = 0.22426188341813066
x_AHI_EVRAN_MAH. = 1.0
x_YUREGIL_MAH. = 1.0

Optimal objective value: 0.0005581423058780288
