KAYSERI MELÝKGAZÝ Belediyesi Seçilen Mahalleler

c_19_MAYIS_MAH. = 0.7380095556972432
c_ILDEM_CUMHURIYET_MAH. = 0.2619904443027568
x_19_MAYIS_MAH. = 1.0
x_ILDEM_CUMHURIYET_MAH. = 1.0

Optimal objective value: 0.0013617991412752106
