KAYSERI PINARBAÞI Belediyesi Seçilen Mahalleler

c_ELMALI_MAH. = 0.2717992065292292
c_YENICAMI_MAH. = 0.7282007934707708
x_ELMALI_MAH. = 1.0
x_YENICAMI_MAH. = 1.0

Optimal objective value: 0.0003000723875631328
