KAYSERI TOMARZA Belediyesi Seçilen Mahalleler

c_HACIPASA_MAH. = 0.574352669700374
c_CANAKPINAR_MAH. = 0.4256473302996259
x_HACIPASA_MAH. = 1.0
x_CANAKPINAR_MAH. = 1.0

Optimal objective value: 0.0008335389704605678
