KAYSERI TALAS Belediyesi Seçilen Mahalleler

c_BAHCELIEVLER_MAH. = 0.6967850584895485
c_ZINCIDERE_MAH. = 0.3032149415104515
x_BAHCELIEVLER_MAH. = 1.0
x_ZINCIDERE_MAH. = 1.0

Optimal objective value: 0.00117090143155818
