KAYSERI BÜNYAN Belediyesi Seçilen Mahalleler

c_KOYUNABDAL_MAH. = 0.7170869208049471
c_YUNOREN_MAH. = 0.282913079195053
x_KOYUNABDAL_MAH. = 1.0
x_YUNOREN_MAH. = 1.0

Optimal objective value: 0.0015449325981141682
