KAYSERI FELAHÝYE Belediyesi Seçilen Mahalleler

c_DARILI_MAH. = 0.6782677798299102
c_MENTESE_MAH. = 0.32173222017008984
x_DARILI_MAH. = 1.0
x_MENTESE_MAH. = 1.0

Optimal objective value: 0.004879502244149125
