KAYSERI ÝNCESU Belediyesi Seçilen Mahalleler

c_BAHCELIEVLER_MAH. = 0.6849678553293113
c_UCKUYU_MAH. = 0.31503214467068874
x_BAHCELIEVLER_MAH. = 1.0
x_UCKUYU_MAH. = 1.0

Optimal objective value: 0.0006557317010161823
