KAYSERI YEÞÝLHÝSAR Belediyesi Seçilen Mahalleler

c_DOGANLI_MAH. = 0.5348381830661981
c_KESLIK_MAH. = 0.4651618169338018
x_DOGANLI_MAH. = 1.0
x_KESLIK_MAH. = 1.0

Optimal objective value: 0.0002583287184722005
