KAYSERI DEVELÝ Belediyesi Seçilen Mahalleler

c_KARACAOREN_MAH. = 0.6663363358611867
c_KILICKAYA_MAH. = 0.3336636641388133
x_KARACAOREN_MAH. = 1.0
x_KILICKAYA_MAH. = 1.0

Optimal objective value: 0.000798473210975259
