KAYSERI YAHYALI Belediyesi Seçilen Mahalleler

c_DELIALIUSAGI_MAH. = 0.6717150498714735
c_CUBUKHARMANI_MAH. = 0.3282849501285265
x_DELIALIUSAGI_MAH. = 1.0
x_CUBUKHARMANI_MAH. = 1.0

Optimal objective value: 0.0030419072090568378
