KAYSERI AKKIÞLA Belediyesi Seçilen Mahalleler

c_GIRINCI_MAH. = 0.4211081459199786
c_ORTAKOY_MAH. = 0.5788918540800214
x_GIRINCI_MAH. = 1.0
x_ORTAKOY_MAH. = 1.0

Optimal objective value: 0.005559308996005097
