KAYSERI SARIOÐLAN Belediyesi Seçilen Mahalleler

c_EBULHAYIR_MAH. = 0.7845453147869815
c_GUZELYAZI_MAH. = 0.21545468521301844
x_EBULHAYIR_MAH. = 1.0
x_GUZELYAZI_MAH. = 1.0

Optimal objective value: 0.0020392880201610675
