KAYSERI SARIZ Belediyesi Seçilen Mahalleler

c_YEDIOLUK_MAH. = 0.42001831764977826
c_INCEMAGARA_MAH. = 0.5799816823502217
x_YEDIOLUK_MAH. = 1.0
x_INCEMAGARA_MAH. = 1.0

Optimal objective value: 0.0008860653097632065
