KAYSERI HACILAR Belediyesi Seçilen Mahalleler

c_HURMETCI_MAH. = 0.49531134953645145
c_KARPUZSEKISI_MAH. = 0.5046886504635486
x_HURMETCI_MAH. = 1.0
x_KARPUZSEKISI_MAH. = 1.0

Optimal objective value: 0.015494716576065937
