KILIS ELBEYLÝ Belediyesi Seçilen Mahalleler

c_NECMETTIN_ERBAKAN_MAH. = 0.5442397033761578
c_INONU_MAH. = 0.4557602966238422
x_NECMETTIN_ERBAKAN_MAH. = 1.0
x_INONU_MAH. = 1.0

Optimal objective value: 0.00023912551010396577
