KILIS KÝLÝS MERKEZ Belediyesi Seçilen Mahalleler

c_NAMIK_UNLER_PASA_MAH. = 0.5387920928054434
c_VAIZ_MAH. = 0.4612079071945566
x_NAMIK_UNLER_PASA_MAH. = 1.0
x_VAIZ_MAH. = 1.0

Optimal objective value: 0.0007206439517950525
