KILIS POLATELÝ Belediyesi Seçilen Mahalleler

c_ATATURK_MAH. = 0.3198436881813128
c_SEHIT_ALI_MAH. = 0.6801563118186872
x_ATATURK_MAH. = 1.0
x_SEHIT_ALI_MAH. = 1.0

Optimal objective value: 0.0005952911091834379
