KILIS MUSABEYLÝ Belediyesi Seçilen Mahalleler

c_CUMHURIYET_MAH. = 0.5118096427706891
c_PINAR_MAH. = 0.4881903572293109
x_CUMHURIYET_MAH. = 1.0
x_PINAR_MAH. = 1.0

Optimal objective value: 7.750099006076372e-05
