KIRIKKALE YAHÞÝHAN Belediyesi Seçilen Mahalleler

c_ALAADDIN_MAH. = 0.27517819123512666
c_YENISEHIR_MAH. = 0.7248218087648733
x_ALAADDIN_MAH. = 1.0
x_YENISEHIR_MAH. = 1.0

Optimal objective value: 0.00012111852879115315
