KIRIKKALE DELÝCE - ÇERÝKLÝ Belediyesi Seçilen Mahalleler

c_CERIKLI-SAKARYA_MAH. = 0.5134041141889518
c_CERIKLI-YERLIKENT_MAH. = 0.48659588581104823
x_CERIKLI-SAKARYA_MAH. = 1.0
x_CERIKLI-YERLIKENT_MAH. = 1.0

Optimal objective value: 0.0001442999371612519
