KIRIKKALE SULAKYURT Belediyesi Seçilen Mahalleler

c_CUMHURIYET_MAH. = 0.8764646971404837
c_YAYLA_MAH. = 0.1235353028595163
x_CUMHURIYET_MAH. = 1.0
x_YAYLA_MAH. = 1.0

Optimal objective value: 0.0006051565960595306
