KIRIKKALE DELÝCE Belediyesi Seçilen Mahalleler

c_FEVZI_CAKMAK_MAH. = 0.5110106204860356
c_MIMAR_SINAN_MAH. = 0.4889893795139644
x_FEVZI_CAKMAK_MAH. = 1.0
x_MIMAR_SINAN_MAH. = 1.0

Optimal objective value: 0.00013522144174960005
