KIRIKKALE KIRIKKALE MERKEZ Belediyesi Seçilen Mahalleler

c_BAHCELIEVLER_MAH. = 0.3011246601605044
c_TEPEBASI_MAH. = 0.6988753398394956
x_BAHCELIEVLER_MAH. = 1.0
x_TEPEBASI_MAH. = 1.0

Optimal objective value: 0.00013366109094781198
