KIRIKKALE BAHÞILI Belediyesi Seçilen Mahalleler

c_DOGANAY_MAH. = 0.39784247692459584
c_HUSEYIN_ONBASI_MAH. = 0.6021575230754042
x_DOGANAY_MAH. = 1.0
x_HUSEYIN_ONBASI_MAH. = 1.0

Optimal objective value: 0.00022845287404216208
