KIRIKKALE KARAKEÇÝLÝ Belediyesi Seçilen Mahalleler

c_YAVUZ_SULTAN_SELIM_MAH. = 0.43931806183314115
c_ZAFER_MAH. = 0.5606819381668589
x_YAVUZ_SULTAN_SELIM_MAH. = 1.0
x_ZAFER_MAH. = 1.0

Optimal objective value: 0.0006720980762078277
