KIRKLARELI VÝZE - ÇAKILLI Belediyesi Seçilen Mahalleler

c_CAKILLI-CUMHURIYET_MAH. = 0.6495207413081566
c_CAKILLI-HURRIYET_MAH. = 0.3504792586918434
x_CAKILLI-CUMHURIYET_MAH. = 1.0
x_CAKILLI-HURRIYET_MAH. = 1.0

Optimal objective value: 0.00029037401278597663
