KIRKLARELI DEMÝRKÖY Belediyesi Seçilen Mahalleler

c_ORHANIYE_MAH. = 0.8572137381956407
c_YENI_MAH. = 0.14278626180435927
x_ORHANIYE_MAH. = 1.0
x_YENI_MAH. = 1.0

Optimal objective value: 0.0005836472708102836
