KIRKLARELI BABAESKÝ Belediyesi Seçilen Mahalleler

c_FEVZI_CAKMAK_MAH. = 0.5124042022476725
c_GAZIOSMANPASA_MAH. = 0.4875957977523275
x_FEVZI_CAKMAK_MAH. = 1.0
x_GAZIOSMANPASA_MAH. = 1.0

Optimal objective value: 0.003206846586693124
