KIRKLARELI LÜLEBURGAZ Belediyesi Seçilen Mahalleler

c_8_KASIM_MAH. = 0.48719317929590455
c_HURRIYET_MAH. = 0.5128068207040954
x_8_KASIM_MAH. = 1.0
x_HURRIYET_MAH. = 1.0

Optimal objective value: 0.0006794106445026094
