KIRKLARELI VÝZE - KIYIKÖY Belediyesi Seçilen Mahalleler

c_KIYIKOY-CUMHURIYET_MAH. = 0.5998841191767923
c_KIYIKOY-GUVEN_MAH. = 0.4001158808232077
x_KIYIKOY-CUMHURIYET_MAH. = 1.0
x_KIYIKOY-GUVEN_MAH. = 1.0

Optimal objective value: 0.003590686907980034
