KIRKLARELI KOFÇAZ Belediyesi Seçilen Mahalleler

c_YENI_MAH. = 0.5607304010087604
c_YESILLIK_MAH. = 0.43926959899123946
x_YENI_MAH. = 1.0
x_YESILLIK_MAH. = 1.0

Optimal objective value: 5.1110029389178635e-05
