KIRKLARELI DEMÝRKÖY - ÝÐNEADA Belediyesi Seçilen Mahalleler

c_IGNEADA-DENIZ_MAH. = 0.36257350046262915
c_IGNEADA-YENI_MAH. = 0.6374264995373708
x_IGNEADA-DENIZ_MAH. = 1.0
x_IGNEADA-YENI_MAH. = 1.0

Optimal objective value: 0.005196873040841488
