KIRKLARELI BABAESKÝ - ALPULLU Belediyesi Seçilen Mahalleler

c_ALPULLU-YENI_MAH. = 0.20291655001580372
c_ALPULLU-SEKER_MAH. = 0.7970834499841963
x_ALPULLU-YENI_MAH. = 1.0
x_ALPULLU-SEKER_MAH. = 1.0

Optimal objective value: 0.0004211915920018239
