KIRKLARELI VÝZE Belediyesi Seçilen Mahalleler

c_GAZI_MAH. = 0.48839499698816746
c_MEHMET_AKIF_MAH. = 0.5116050030118325
x_GAZI_MAH. = 1.0
x_MEHMET_AKIF_MAH. = 1.0

Optimal objective value: 0.011297216960657108
