KIRKLARELI PINARHÝSAR Belediyesi Seçilen Mahalleler

c_BEYLIK_MAH. = 0.9264320078645292
c_CAMIIKEBIR_MAH. = 0.07356799213547086
x_BEYLIK_MAH. = 1.0
x_CAMIIKEBIR_MAH. = 1.0

Optimal objective value: 0.00438559372264502
