KIRKLARELI KIRKLARELÝ MERKEZ Belediyesi Seçilen Mahalleler

c_BADEMLIK_MAH. = 0.8384134085506324
c_KARACAIBRAHIM_MAH. = 0.1615865914493676
x_BADEMLIK_MAH. = 1.0
x_KARACAIBRAHIM_MAH. = 1.0

Optimal objective value: 0.0014594875124329665
