KIRKLARELI PEHLÝVANKÖY Belediyesi Seçilen Mahalleler

c_KAZIMDIRIK_MAH. = 0.44187679620840364
c_KURTULUS_MAH. = 0.5581232037915964
x_KAZIMDIRIK_MAH. = 1.0
x_KURTULUS_MAH. = 1.0

Optimal objective value: 0.0001488798327462515
