KIRSEHIR ÇÝÇEKDAÐI Belediyesi Seçilen Mahalleler

c_BAGLARBASI_MAH. = 0.6685136489688212
c_BOYALIK_MAH. = 0.33148635103117885
x_BAGLARBASI_MAH. = 1.0
x_BOYALIK_MAH. = 1.0

Optimal objective value: 0.0006074923712585667
