KIRSEHIR ÇÝÇEKDAÐI - KÖSELÝ Belediyesi Seçilen Mahalleler

c_KOSELI-CIFTLIK_MAH. = 0.0937397124936924
c_KOSELI-CICEK_MAH. = 0.9062602875063076
x_KOSELI-CIFTLIK_MAH. = 1.0
x_KOSELI-CICEK_MAH. = 1.0

Optimal objective value: 0.015221045442294301
