KIRSEHIR KIRÞEHÝR MERKEZ Belediyesi Seçilen Mahalleler

c_ASIKPASA_MAH. = 0.5245643148612316
c_GOLHISAR_MAH. = 0.4754356851387684
x_ASIKPASA_MAH. = 1.0
x_GOLHISAR_MAH. = 1.0

Optimal objective value: 0.0007991733428821535
