KIRSEHIR AKÇAKENT Belediyesi Seçilen Mahalleler

c_YENIYAPAN_MAH. = 0.3851877605402161
c_SEHRICEDID_MAH. = 0.6148122394597839
x_YENIYAPAN_MAH. = 1.0
x_SEHRICEDID_MAH. = 1.0

Optimal objective value: 0.05317112717685646
