KIRSEHIR KIRÞEHÝR MERKEZ - ÖZBAÐ Belediyesi Seçilen Mahalleler

c_OZBAG-SARAYLAR_MAH. = 0.5574259889217199
c_OZBAG-ORCUN_MAH. = 0.44257401107828015
x_OZBAG-SARAYLAR_MAH. = 1.0
x_OZBAG-ORCUN_MAH. = 1.0

Optimal objective value: 0.001850820287422783
