KIRSEHIR AKPINAR Belediyesi Seçilen Mahalleler

c_ALIPASA_MAH. = 0.08675867734499854
c_HACI_HUSEYIN_EFENDI_MAH. = 0.9132413226550015
x_ALIPASA_MAH. = 1.0
x_HACI_HUSEYIN_EFENDI_MAH. = 1.0

Optimal objective value: 0.0009049759578128036
