KIRSEHIR KAMAN Belediyesi Seçilen Mahalleler

c_BAHCELIEVLER_MAH. = 0.5526925492976302
c_CUMA_MAH. = 0.4473074507023697
x_BAHCELIEVLER_MAH. = 1.0
x_CUMA_MAH. = 1.0

Optimal objective value: 0.0010702920566488805
