KOCAELI KARTEPE Belediyesi Seçilen Mahalleler

c_ACISU_MAH. = 0.4394980269938139
c_DUMLUPINAR_MAH. = 0.5605019730061861
x_ACISU_MAH. = 1.0
x_DUMLUPINAR_MAH. = 1.0

Optimal objective value: 0.0006216012287424411
