KOCAELI KARAMÜRSEL Belediyesi Seçilen Mahalleler

c_4_TEMMUZ_MAH. = 0.9157985301876448
c_TAHTALI_MAH. = 0.08420146981235527
x_4_TEMMUZ_MAH. = 1.0
x_TAHTALI_MAH. = 1.0

Optimal objective value: 0.0005325725324719643
