KOCAELI KANDIRA Belediyesi Seçilen Mahalleler

c_AHMETHACILAR_MAH. = 0.13063341120283822
c_AKDURAK_MAH. = 0.8693665887971618
x_AHMETHACILAR_MAH. = 1.0
x_AKDURAK_MAH. = 1.0

Optimal objective value: 0.0006609031822500944
