KOCAELI BAÞÝSKELE Belediyesi Seçilen Mahalleler

c_CAMIDUZU_MAH. = 0.15527312105783497
c_YENIKOY_MERKEZ_MAH. = 0.844726878942165
x_CAMIDUZU_MAH. = 1.0
x_YENIKOY_MERKEZ_MAH. = 1.0

Optimal objective value: 0.0008030228527344807
