KOCAELI GÖLCÜK Belediyesi Seçilen Mahalleler

c_ATATURK_MAH. = 0.22585767635296805
c_SIRINKOY_MAH. = 0.774142323647032
x_ATATURK_MAH. = 1.0
x_SIRINKOY_MAH. = 1.0

Optimal objective value: 0.000545293206584363
