KOCAELI DERÝNCE Belediyesi Seçilen Mahalleler

c_MERSINCIK_MAH. = 0.9836833937938245
c_TOYLAR_MAH. = 0.016316606206175477
x_MERSINCIK_MAH. = 1.0
x_TOYLAR_MAH. = 1.0

Optimal objective value: 0.00044673943303807917
