KOCAELI ÇAYIROVA Belediyesi Seçilen Mahalleler

c_EMEK_MAH. = 0.47884683909149717
c_SEKERPINAR_MAH. = 0.5211531609085028
x_EMEK_MAH. = 1.0
x_SEKERPINAR_MAH. = 1.0

Optimal objective value: 0.0010122612581345836
