KOCAELI DÝLOVASI Belediyesi Seçilen Mahalleler

c_DILISKELESI_MAH. = 0.46039878731677997
c_MIMAR_SINAN_MAH. = 0.53960121268322
x_DILISKELESI_MAH. = 1.0
x_MIMAR_SINAN_MAH. = 1.0

Optimal objective value: 0.0001469042212980387
