KOCAELI KÖRFEZ Belediyesi Seçilen Mahalleler

c_ESENTEPE_MAH. = 0.7424547012284013
c_SIPAHILER_MAH. = 0.2575452987715987
x_ESENTEPE_MAH. = 1.0
x_SIPAHILER_MAH. = 1.0

Optimal objective value: 0.0015894077910248994
