KOCAELI GEBZE Belediyesi Seçilen Mahalleler

c_OSMAN_YILMAZ_MAH. = 0.3340867121528804
c_OVACIK_MAH. = 0.6659132878471197
x_OSMAN_YILMAZ_MAH. = 1.0
x_OVACIK_MAH. = 1.0

Optimal objective value: 0.0030097646730307126
