KOCAELI DARICA Belediyesi Seçilen Mahalleler

c_KAZIMKARABEKIR_MAH. = 0.8930184193271125
c_ZINCIRLIKUYU_MAH. = 0.10698158067288759
x_KAZIMKARABEKIR_MAH. = 1.0
x_ZINCIRLIKUYU_MAH. = 1.0

Optimal objective value: 0.001111059360659472
