KOCAELI ÝZMÝT Belediyesi Seçilen Mahalleler

c_28_HAZIRAN_MAH. = 0.74256064546064
c_OMERAGA_MAH. = 0.25743935453935995
x_28_HAZIRAN_MAH. = 1.0
x_OMERAGA_MAH. = 1.0

Optimal objective value: 0.0005368763640823948
