KONYA ALTINEKÝN Belediyesi Seçilen Mahalleler

c_AKINCILAR_MAH. = 0.4126599530444104
c_TOPRAKLIK_MAH. = 0.5873400469555896
x_AKINCILAR_MAH. = 1.0
x_TOPRAKLIK_MAH. = 1.0

Optimal objective value: 0.0009669432970282887
