KONYA MERAM Belediyesi Seçilen Mahalleler

c_HAVZAN_MAH. = 0.47579003664982866
c_KARADIGINDERESI_MAH. = 0.5242099633501713
x_HAVZAN_MAH. = 1.0
x_KARADIGINDERESI_MAH. = 1.0

Optimal objective value: 0.0005866693849003735
