KONYA GÜNEYSINIR Belediyesi Seçilen Mahalleler

c_GURAGAC_MAH. = 0.1570644882210675
c_KAYAAGZI_MAH. = 0.8429355117789326
x_GURAGAC_MAH. = 1.0
x_KAYAAGZI_MAH. = 1.0

Optimal objective value: 0.0015389162327176242
