KONYA TAÞKENT Belediyesi Seçilen Mahalleler

c_BALCILAR_ORTA_MAH. = 0.20063204340283003
c_SIHLAR_MAH. = 0.79936795659717
x_BALCILAR_ORTA_MAH. = 1.0
x_SIHLAR_MAH. = 1.0

Optimal objective value: 0.0018132150609420083
