KONYA ILGIN Belediyesi Seçilen Mahalleler

c_GOKCEYURT_MAH. = 0.4153007226856291
c_TEKELER_MAH. = 0.5846992773143709
x_GOKCEYURT_MAH. = 1.0
x_TEKELER_MAH. = 1.0

Optimal objective value: 0.001535850945943218
