KONYA ÇELTÝK Belediyesi Seçilen Mahalleler

c_DOGANYURT_MAH. = 0.7290077792625682
c_GOKPINAR_MAH. = 0.2709922207374318
x_DOGANYURT_MAH. = 1.0
x_GOKPINAR_MAH. = 1.0

Optimal objective value: 0.00082867302239642
