KONYA SEYDÝÞEHÝR Belediyesi Seçilen Mahalleler

c_KIZILCA_MAH. = 0.7733228887459591
c_MADENLI_MAH. = 0.22667711125404086
x_KIZILCA_MAH. = 1.0
x_MADENLI_MAH. = 1.0

Optimal objective value: 0.018106288987963737
