KONYA EREÐLÝ Belediyesi Seçilen Mahalleler

c_KIZILGEDIK_MAH. = 0.8554879050211595
c_OZGURLER_MAH. = 0.14451209497884057
x_KIZILGEDIK_MAH. = 1.0
x_OZGURLER_MAH. = 1.0

Optimal objective value: 0.00636090891259844
