KONYA KADINHANI Belediyesi Seçilen Mahalleler

c_SACIKARA_MAH. = 0.03443725170954505
c_SOGUTOZU_MAH. = 0.9655627482904551
x_SACIKARA_MAH. = 1.0
x_SOGUTOZU_MAH. = 1.0

Optimal objective value: 0.011573661271500058
