KONYA AHIRLI Belediyesi Seçilen Mahalleler

c_AKKISE_MAH. = 0.5445613749540763
c_ALICERCI_MAH. = 0.45543862504592375
x_AKKISE_MAH. = 1.0
x_ALICERCI_MAH. = 1.0

Optimal objective value: 0.0026672972042919296
