KONYA KULU Belediyesi Seçilen Mahalleler

c_ALPARSLAN_MAH. = 0.6551250604658905
c_GUZELYAYLA_MAH. = 0.34487493953410947
x_ALPARSLAN_MAH. = 1.0
x_GUZELYAYLA_MAH. = 1.0

Optimal objective value: 0.0007523384899257302
