KONYA HALKAPINAR Belediyesi Seçilen Mahalleler

c_BAHCELIEVLER_MAH. = 0.6036407358293359
c_CAKILLAR_MAH. = 0.39635926417066414
x_BAHCELIEVLER_MAH. = 1.0
x_CAKILLAR_MAH. = 1.0

Optimal objective value: 0.0022487433922087074
