KONYA DERBENT Belediyesi Seçilen Mahalleler

c_GUNEY_MAH. = 0.8023530578299407
c_CIFTLIKOZU_MAH. = 0.19764694217005926
x_GUNEY_MAH. = 1.0
x_CIFTLIKOZU_MAH. = 1.0

Optimal objective value: 0.0008179187460980453
