KONYA BOZKIR Belediyesi Seçilen Mahalleler

c_HARMANPINAR_MAH. = 0.5082017031667024
c_TEPEARASI_MAH. = 0.49179829683329757
x_HARMANPINAR_MAH. = 1.0
x_TEPEARASI_MAH. = 1.0

Optimal objective value: 0.00028982245854081157
