KONYA CÝHANBEYLÝ Belediyesi Seçilen Mahalleler

c_GUNYUZU_MAH. = 0.8725708730563231
c_SIGIRCIK_MAH. = 0.12742912694367686
x_GUNYUZU_MAH. = 1.0
x_SIGIRCIK_MAH. = 1.0

Optimal objective value: 0.05618806075429417
