KONYA SELÇUKLU Belediyesi Seçilen Mahalleler

c_BUYUKKAYACIK_MAH. = 0.17352158898633407
c_BINKONUTLAR_MAH. = 0.8264784110136659
x_BUYUKKAYACIK_MAH. = 1.0
x_BINKONUTLAR_MAH. = 1.0

Optimal objective value: 0.0008339572560605024
