KONYA KARAPINAR Belediyesi Seçilen Mahalleler

c_ADALET_MAH. = 0.6045609041152156
c_IPEKCI_MAH. = 0.39543909588478443
x_ADALET_MAH. = 1.0
x_IPEKCI_MAH. = 1.0

Optimal objective value: 0.000663014470765888
