KONYA DEREBUCAK Belediyesi Seçilen Mahalleler

c_TASLIPINAR_MAH. = 0.26652893787506504
c_CAMLIK_MAH. = 0.733471062124935
x_TASLIPINAR_MAH. = 1.0
x_CAMLIK_MAH. = 1.0

Optimal objective value: 0.0009077257623124613
