KONYA HADÝM Belediyesi Seçilen Mahalleler

c_ASAGI_MERNEK_MAH. = 0.3245657861425032
c_KALINAGIL_MAH. = 0.6754342138574968
x_ASAGI_MERNEK_MAH. = 1.0
x_KALINAGIL_MAH. = 1.0

Optimal objective value: 0.03361321039511567
