KONYA HÜYÜK Belediyesi Seçilen Mahalleler

c_BURUNSUZ_MAH. = 0.7143606614669904
c_SULUDERE_MAH. = 0.28563933853300955
x_BURUNSUZ_MAH. = 1.0
x_SULUDERE_MAH. = 1.0

Optimal objective value: 0.0013584051184259982
