KONYA SARAYÖNÜ Belediyesi Seçilen Mahalleler

c_KAYIOREN_MAH. = 0.1654156977473965
c_KURSUNLU_MAH. = 0.8345843022526035
x_KAYIOREN_MAH. = 1.0
x_KURSUNLU_MAH. = 1.0

Optimal objective value: 0.023702200625513647
