KUTAHYA GEDÝZ - GÖKLER Belediyesi Seçilen Mahalleler

c_GOKLER-GUNEY_MAH. = 0.531022373511749
c_GOKLER-KUZEY_MAH. = 0.46897762648825103
x_GOKLER-GUNEY_MAH. = 1.0
x_GOKLER-KUZEY_MAH. = 1.0

Optimal objective value: 0.007809182146740423
