KUTAHYA HÝSARCIK Belediyesi Seçilen Mahalleler

c_CUMHURIYET_MAH. = 0.7929564975290426
c_SEHITLER_MAH. = 0.20704350247095732
x_CUMHURIYET_MAH. = 1.0
x_SEHITLER_MAH. = 1.0

Optimal objective value: 0.0002525747404602541
