KUTAHYA SÝMAV - GÜNEY Belediyesi Seçilen Mahalleler

c_GUNEY-CUMA_MAH. = 0.40518608929088523
c_GUNEY-FATIH_MAH. = 0.5948139107091147
x_GUNEY-CUMA_MAH. = 1.0
x_GUNEY-FATIH_MAH. = 1.0

Optimal objective value: 0.0019061785025947797
