KUTAHYA ÞAPHANE Belediyesi Seçilen Mahalleler

c_HACI_HASANLAR_MAH. = 0.19026814519507151
c_TUREGUN_MAH. = 0.8097318548049285
x_HACI_HASANLAR_MAH. = 1.0
x_TUREGUN_MAH. = 1.0

Optimal objective value: 0.0011531978453444003
