KUTAHYA ALTINTAÞ Belediyesi Seçilen Mahalleler

c_CUMHURIYET_MAH. = 0.4884902630045612
c_HURRIYET_MAH. = 0.5115097369954388
x_CUMHURIYET_MAH. = 1.0
x_HURRIYET_MAH. = 1.0

Optimal objective value: 0.022073057898722492
