KUTAHYA ÇAVDARHÝSAR Belediyesi Seçilen Mahalleler

c_CERELLER_MAH. = 0.36689102056157197
c_MEYDAN_MAH. = 0.633108979438428
x_CERELLER_MAH. = 1.0
x_MEYDAN_MAH. = 1.0

Optimal objective value: 5.914892524350179e-05
