KUTAHYA DOMANÝÇ Belediyesi Seçilen Mahalleler

c_CUMHURIYET_MAH. = 0.4234425960811495
c_HASANTEPE_MAH. = 0.5765574039188506
x_CUMHURIYET_MAH. = 1.0
x_HASANTEPE_MAH. = 1.0

Optimal objective value: 0.00071448852510958
