KUTAHYA ASLANAPA Belediyesi Seçilen Mahalleler

c_HURRIYET_MAH. = 0.7477711258132317
c_PINARBASI_MAH. = 0.2522288741867683
x_HURRIYET_MAH. = 1.0
x_PINARBASI_MAH. = 1.0

Optimal objective value: 0.008548100650511481
