KUTAHYA DUMLUPINAR Belediyesi Seçilen Mahalleler

c_CAFERGAZI_MAH. = 0.6065094166353194
c_CUMHURIYET_MAH. = 0.39349058336468057
x_CAFERGAZI_MAH. = 1.0
x_CUMHURIYET_MAH. = 1.0

Optimal objective value: 0.0007948488937409293
