KUTAHYA SÝMAV - DEMÝRCÝ Belediyesi Seçilen Mahalleler

c_DEMIRCI-DEMIRCI_MAH. = 0.6273774173465735
c_DEMIRCI-OREYLER_MAH. = 0.3726225826534265
x_DEMIRCI-DEMIRCI_MAH. = 1.0
x_DEMIRCI-OREYLER_MAH. = 1.0

Optimal objective value: 0.006509585258915873
