KUTAHYA SÝMAV - AKDAÐ Belediyesi Seçilen Mahalleler

c_AKDAG-KINIK_MAH. = 0.5162499525142037
c_AKDAG-SAVCILAR_MAH. = 0.4837500474857963
x_AKDAG-KINIK_MAH. = 1.0
x_AKDAG-SAVCILAR_MAH. = 1.0

Optimal objective value: 0.0010721607656781762
