KUTAHYA PAZARLAR Belediyesi Seçilen Mahalleler

c_ADNANMENDERES_MAH. = 0.665664689257494
c_ATATURK_MAH. = 0.334335310742506
x_ADNANMENDERES_MAH. = 1.0
x_ATATURK_MAH. = 1.0

Optimal objective value: 0.0004420970748773012
