KUTAHYA SÝMAV Belediyesi Seçilen Mahalleler

c_ESENEVLER_MAH. = 0.6409536760756209
c_YESILOVA_MAH. = 0.3590463239243791
x_ESENEVLER_MAH. = 1.0
x_YESILOVA_MAH. = 1.0

Optimal objective value: 0.0037988050130365325
