KUTAHYA DOMANÝÇ - ÇUKURCA Belediyesi Seçilen Mahalleler

c_CUKURCA-CUMHURIYET_MAH. = 0.6541792529698471
c_CUKURCA-ILICAKSU_MAH. = 0.34582074703015286
x_CUKURCA-CUMHURIYET_MAH. = 1.0
x_CUKURCA-ILICAKSU_MAH. = 1.0

Optimal objective value: 0.0001872820344184234
