KUTAHYA GEDÝZ - YENÝKENT Belediyesi Seçilen Mahalleler

c_YENIKENT-GOLCUK_MAH. = 0.3877172101014706
c_YENIKENT-HAMZABEY_MAH. = 0.6122827898985295
x_YENIKENT-GOLCUK_MAH. = 1.0
x_YENIKENT-HAMZABEY_MAH. = 1.0

Optimal objective value: 0.0017831527052838414
