KUTAHYA EMET Belediyesi Seçilen Mahalleler

c_ESENTEPE_MAH. = 0.8123310894712503
c_KAYNARCA_MAH. = 0.18766891052875018
x_ESENTEPE_MAH. = 1.0
x_KAYNARCA_MAH. = 1.0

Optimal objective value: 0.03999417040271458
