KUTAHYA GEDÝZ Belediyesi Seçilen Mahalleler

c_DAYINLAR_MAH. = 0.5161474816604263
c_KUMTAS_MAH. = 0.48385251833957366
x_DAYINLAR_MAH. = 1.0
x_KUMTAS_MAH. = 1.0

Optimal objective value: 0.0006674461559175171
