MALATYA DARENDE Belediyesi Seçilen Mahalleler

c_AKCATOPRAK_MAH. = 0.9243758128841586
c_YARIMCA_MAH. = 0.07562418711584144
x_AKCATOPRAK_MAH. = 1.0
x_YARIMCA_MAH. = 1.0

Optimal objective value: 0.00041539249481181706
