MALATYA HEKÝMHAN Belediyesi Seçilen Mahalleler

c_AKMAGARA_MAH. = 0.19610593561371037
c_KOPRULU_MEHMET_PASA_MAH. = 0.8038940643862896
x_AKMAGARA_MAH. = 1.0
x_KOPRULU_MEHMET_PASA_MAH. = 1.0

Optimal objective value: 0.0006572916532351369
