MALATYA DOÐANÞEHÝR Belediyesi Seçilen Mahalleler

c_HUDUT_MAH. = 0.4140543028401247
c_ORENCIK_MAH. = 0.5859456971598753
x_HUDUT_MAH. = 1.0
x_ORENCIK_MAH. = 1.0

Optimal objective value: 0.00022079956233544973
