MALATYA BATTALGAZÝ Belediyesi Seçilen Mahalleler

c_ALHANUSAGI_MAH. = 0.6022185583527135
c_YAMAC_MAH. = 0.3977814416472864
x_ALHANUSAGI_MAH. = 1.0
x_YAMAC_MAH. = 1.0

Optimal objective value: 0.014972046143700624
