MALATYA YEÞÝLYURT Belediyesi Seçilen Mahalleler

c_CAFANA_MAH. = 0.5453215978092529
c_MERKEZ_FATIH_MAH. = 0.454678402190747
x_CAFANA_MAH. = 1.0
x_MERKEZ_FATIH_MAH. = 1.0

Optimal objective value: 0.0010582454713030653
