MALATYA AKÇADAÐ Belediyesi Seçilen Mahalleler

c_KOZLUCA_MAH. = 0.6733521150430561
c_TATARUSAGI_MAH. = 0.3266478849569439
x_KOZLUCA_MAH. = 1.0
x_TATARUSAGI_MAH. = 1.0

Optimal objective value: 0.027037415858894853
