MALATYA PÜTÜRGE Belediyesi Seçilen Mahalleler

c_DEREDUZU_MAH. = 0.6107047115895583
c_NOHUTLU_MAH. = 0.38929528841044164
x_DEREDUZU_MAH. = 1.0
x_NOHUTLU_MAH. = 1.0

Optimal objective value: 0.0007193088264156877
