MALATYA YAZIHAN Belediyesi Seçilen Mahalleler

c_DEDEKARGIN_MAH. = 0.30225915652798424
c_KOMUSHAN_MAH. = 0.6977408434720158
x_DEDEKARGIN_MAH. = 1.0
x_KOMUSHAN_MAH. = 1.0

Optimal objective value: 0.001324967328073079
