MALATYA KULUNCAK Belediyesi Seçilen Mahalleler

c_KARACAYIR_MAH. = 0.8584150044024212
c_KOMUKLU_MAH. = 0.14158499559757876
x_KARACAYIR_MAH. = 1.0
x_KOMUKLU_MAH. = 1.0

Optimal objective value: 0.006784492541674125
