MALATYA KALE Belediyesi Seçilen Mahalleler

c_AKUSAGI_MAH. = 0.5891229865609378
c_UZUNHUSEYIN_MAH. = 0.4108770134390622
x_AKUSAGI_MAH. = 1.0
x_UZUNHUSEYIN_MAH. = 1.0

Optimal objective value: 0.0008936438994993079
