MALATYA ARAPGÝR Belediyesi Seçilen Mahalleler

c_BERENGE_MAH. = 0.6809534292529043
c_COBANLI_MAH. = 0.31904657074709575
x_BERENGE_MAH. = 1.0
x_COBANLI_MAH. = 1.0

Optimal objective value: 0.0007870234440283674
