MANISA KIRKAÐAÇ Belediyesi Seçilen Mahalleler

c_GEBELER_MAH. = 0.5918173983847217
c_YAGMURLU_MAH. = 0.40818260161527825
x_GEBELER_MAH. = 1.0
x_YAGMURLU_MAH. = 1.0

Optimal objective value: 0.011837609415754735
