MANISA SARUHANLI Belediyesi Seçilen Mahalleler

c_ISTASYON_MAH. = 0.7366932819700361
c_SEHITLER_MAH. = 0.26330671802996386
x_ISTASYON_MAH. = 1.0
x_SEHITLER_MAH. = 1.0

Optimal objective value: 0.0005152758498847554
