MANISA DEMÝRCÝ Belediyesi Seçilen Mahalleler

c_AHATLAR_MAH. = 0.4213712380778179
c_YESILDERE_MAH. = 0.5786287619221822
x_AHATLAR_MAH. = 1.0
x_YESILDERE_MAH. = 1.0

Optimal objective value: 0.0008810747133248809
