MANISA SELENDÝ Belediyesi Seçilen Mahalleler

c_AKCAKERTIL_MAH. = 0.2334479721057519
c_CORTAK_MAH. = 0.7665520278942481
x_AKCAKERTIL_MAH. = 1.0
x_CORTAK_MAH. = 1.0

Optimal objective value: 0.0005768275807768175
