MANISA TURGUTLU Belediyesi Seçilen Mahalleler

c_ALTAY_MAH. = 0.7993564120438825
c_MUSTAFA_KEMAL_MAH. = 0.20064358795611753
x_ALTAY_MAH. = 1.0
x_MUSTAFA_KEMAL_MAH. = 1.0

Optimal objective value: 0.0005616769111823627
