MANISA ÞEHZADELER Belediyesi Seçilen Mahalleler

c_SANCAKLIIGDECIK_MAH. = 0.4984311468153002
c_TILKISULEYMANIYE_MAH. = 0.5015688531846998
x_SANCAKLIIGDECIK_MAH. = 1.0
x_TILKISULEYMANIYE_MAH. = 1.0

Optimal objective value: 0.0020495728759329923
