MANISA ALAÞEHÝR Belediyesi Seçilen Mahalleler

c_FATIH_MAH. = 0.8429752915720404
c_CAMLIBEL_MAH. = 0.1570247084279596
x_FATIH_MAH. = 1.0
x_CAMLIBEL_MAH. = 1.0

Optimal objective value: 0.0003852505138822737
