MANISA KÖPRÜBAÞI Belediyesi Seçilen Mahalleler

c_GOKVELILER_MAH. = 0.6396177901318646
c_UGURLU_MAH. = 0.3603822098681354
x_GOKVELILER_MAH. = 1.0
x_UGURLU_MAH. = 1.0

Optimal objective value: 0.0009332397911308021
