MANISA AHMETLÝ Belediyesi Seçilen Mahalleler

c_GOKKAYA_MAH. = 0.3214458288829466
c_KARAKOY_MAH. = 0.6785541711170534
x_GOKKAYA_MAH. = 1.0
x_KARAKOY_MAH. = 1.0

Optimal objective value: 0.0048011779271291966
