MANISA GÖLMARMARA Belediyesi Seçilen Mahalleler

c_OZANCA_MAH. = 0.17596059828599653
c_IHSANIYE_MAH. = 0.8240394017140035
x_OZANCA_MAH. = 1.0
x_IHSANIYE_MAH. = 1.0

Optimal objective value: 0.000996285841450395
