MANISA AKHÝSAR Belediyesi Seçilen Mahalleler

c_AKKOCALI_MAH. = 0.08632967548042235
c_HURRIYET_MAH. = 0.9136703245195776
x_AKKOCALI_MAH. = 1.0
x_HURRIYET_MAH. = 1.0

Optimal objective value: 0.0007757978415486866
