MANISA SARIGÖL Belediyesi Seçilen Mahalleler

c_AHMETAGA_MAH. = 0.5671985784523725
c_MIMAR_SINAN_MAH. = 0.43280142154762746
x_AHMETAGA_MAH. = 1.0
x_MIMAR_SINAN_MAH. = 1.0

Optimal objective value: 0.00021182155511767498
