MANISA KULA Belediyesi Seçilen Mahalleler

c_4_EYLUL_MAH. = 0.694275884510678
c_HAMIDIYE_MAH. = 0.30572411548932205
x_4_EYLUL_MAH. = 1.0
x_HAMIDIYE_MAH. = 1.0

Optimal objective value: 0.0007770093346226581
