MANISA YUNUSEMRE Belediyesi Seçilen Mahalleler

c_MESIR_MAH. = 0.731848060575893
c_SARIAHMETLI_MAH. = 0.268151939424107
x_MESIR_MAH. = 1.0
x_SARIAHMETLI_MAH. = 1.0

Optimal objective value: 0.0014146747186187802
