MANISA SALÝHLÝ Belediyesi Seçilen Mahalleler

c_ADALA_MAH. = 0.5478266685485902
c_KARAYAHSI_MAH. = 0.45217333145140987
x_ADALA_MAH. = 1.0
x_KARAYAHSI_MAH. = 1.0

Optimal objective value: 0.0004836113720841917
