MARDIN ARTUKLU Belediyesi Seçilen Mahalleler

c_ARPATEPE_MAH. = 0.3112267637235143
c_LATIFIYE_MAH. = 0.6887732362764857
x_ARPATEPE_MAH. = 1.0
x_LATIFIYE_MAH. = 1.0

Optimal objective value: 0.0006897132655157012
