MARDIN DERÝK Belediyesi Seçilen Mahalleler

c_ALANLI_MAH. = 0.6753134633526287
c_KOCYIGIT_MAH. = 0.32468653664737135
x_ALANLI_MAH. = 1.0
x_KOCYIGIT_MAH. = 1.0

Optimal objective value: 0.000624544542542349
