MARDIN YEÞÝLLÝ Belediyesi Seçilen Mahalleler

c_BAHCEBASI_MAH. = 0.839908214714473
c_DEREYANI_MAH. = 0.16009178528552703
x_BAHCEBASI_MAH. = 1.0
x_DEREYANI_MAH. = 1.0

Optimal objective value: 0.0007815440111342831
