MARDIN NUSAYBÝN Belediyesi Seçilen Mahalleler

c_BALABAN_MAH. = 0.24686372216760777
c_DOGANLI_MAH. = 0.7531362778323922
x_BALABAN_MAH. = 1.0
x_DOGANLI_MAH. = 1.0

Optimal objective value: 0.0007778871955514965
