MARDIN SAVUR Belediyesi Seçilen Mahalleler

c_KOCAHUYUK_MAH. = 0.49031137911947575
c_PINARDERE_MAH. = 0.5096886208805242
x_KOCAHUYUK_MAH. = 1.0
x_PINARDERE_MAH. = 1.0

Optimal objective value: 0.0003496106244349484
