MARDIN KIZILTEPE Belediyesi Seçilen Mahalleler

c_ARAKOY_MAH. = 0.12952389588258814
c_ATATURK_MAH. = 0.8704761041174118
x_ARAKOY_MAH. = 1.0
x_ATATURK_MAH. = 1.0

Optimal objective value: 0.00047436410110046623
