MARDIN MAZIDAÐI Belediyesi Seçilen Mahalleler

c_EKINCILER_MAH. = 0.5794011196639521
c_GUMUSYUVA_MAH. = 0.4205988803360478
x_EKINCILER_MAH. = 1.0
x_GUMUSYUVA_MAH. = 1.0

Optimal objective value: 0.0006584962911684311
