MARDIN MÝDYAT Belediyesi Seçilen Mahalleler

c_ACIRLI_MAH. = 0.49352944550717204
c_CALDERE_MAH. = 0.506470554492828
x_ACIRLI_MAH. = 1.0
x_CALDERE_MAH. = 1.0

Optimal objective value: 0.0007123365313796981
