MERSIN MUT Belediyesi Seçilen Mahalleler

c_KAYABASI_MAH. = 0.12288599118072983
c_YATIRTAS_MAH. = 0.8771140088192702
x_KAYABASI_MAH. = 1.0
x_YATIRTAS_MAH. = 1.0

Optimal objective value: 0.0005099451325869531
