MERSIN AKDENÝZ Belediyesi Seçilen Mahalleler

c_BAGCILAR-IHSANIYE_MAH. = 0.545830089213169
c_SITELER_MAH. = 0.454169910786831
x_BAGCILAR-IHSANIYE_MAH. = 1.0
x_SITELER_MAH. = 1.0

Optimal objective value: 0.020442896283958234
