MERSIN GÜLNAR Belediyesi Seçilen Mahalleler

c_AKDENIZ_MAH. = 0.618927326262988
c_CUKURASMA_MAH. = 0.381072673737012
x_AKDENIZ_MAH. = 1.0
x_CUKURASMA_MAH. = 1.0

Optimal objective value: 0.000924246131868145
