MERSIN ANAMUR Belediyesi Seçilen Mahalleler

c_AKARCA_MAH. = 0.5852921439550544
c_SULTAN_ALAADDIN_MAH. = 0.41470785604494564
x_AKARCA_MAH. = 1.0
x_SULTAN_ALAADDIN_MAH. = 1.0

Optimal objective value: 0.0004159001122507888
