MERSIN MEZÝTLÝ Belediyesi Seçilen Mahalleler

c_MENDERES_MAH. = 0.8310465641738516
c_ZEYBEKLER_MAH. = 0.1689534358261484
x_MENDERES_MAH. = 1.0
x_ZEYBEKLER_MAH. = 1.0

Optimal objective value: 0.0009285993243028923
