MERSIN AYDINCIK Belediyesi Seçilen Mahalleler

c_HURRIYET_MAH. = 0.6917218052418812
c_PEMBECIK_MAH. = 0.3082781947581188
x_HURRIYET_MAH. = 1.0
x_PEMBECIK_MAH. = 1.0

Optimal objective value: 0.0006629815584886511
