MERSIN TARSUS Belediyesi Seçilen Mahalleler

c_AKSEMSETTIN_MAH. = 0.8238527422596023
c_CAMALAN_B.M_MAH. = 0.17614725774039777
x_AKSEMSETTIN_MAH. = 1.0
x_CAMALAN_B.M_MAH. = 1.0

Optimal objective value: 0.0007661277560754298
