MERSIN ÇAMLIYAYLA Belediyesi Seçilen Mahalleler

c_BELCINAR_MAH. = 0.37569735311530206
c_KALE_MAH. = 0.6243026468846979
x_BELCINAR_MAH. = 1.0
x_KALE_MAH. = 1.0

Optimal objective value: 0.002523254408497766
