MERSIN TOROSLAR Belediyesi Seçilen Mahalleler

c_ALSANCAK_MAH. = 0.32409601053059434
c_PORTAKAL_MAH. = 0.6759039894694057
x_ALSANCAK_MAH. = 1.0
x_PORTAKAL_MAH. = 1.0

Optimal objective value: 0.0005201555082853249
