MERSIN BOZYAZI Belediyesi Seçilen Mahalleler

c_ARDICLITAS_MAH. = 0.6156780746586383
c_ELMAKUZU_MAH. = 0.38432192534136167
x_ARDICLITAS_MAH. = 1.0
x_ELMAKUZU_MAH. = 1.0

Optimal objective value: 0.0007433295677551355
