MUGLA BODRUM Belediyesi Seçilen Mahalleler

c_YALIKAVAK_MAH. = 0.28063077425460403
c_YOKUSBASI_MAH. = 0.719369225745396
x_YALIKAVAK_MAH. = 1.0
x_YOKUSBASI_MAH. = 1.0

Optimal objective value: 0.000281393454637513
