MUGLA ULA Belediyesi Seçilen Mahalleler

c_KIZILYAKA_MAH. = 0.43004746533925786
c_CITLIK_MAH. = 0.5699525346607421
x_KIZILYAKA_MAH. = 1.0
x_CITLIK_MAH. = 1.0

Optimal objective value: 0.0006435206718150566
