MUGLA MENTEÞE Belediyesi Seçilen Mahalleler

c_AKKAYA_MAH. = 0.34668181408770915
c_KARAMEHMET_MAH. = 0.6533181859122908
x_AKKAYA_MAH. = 1.0
x_KARAMEHMET_MAH. = 1.0

Optimal objective value: 0.0015009705043962374
