MUGLA DALAMAN Belediyesi Seçilen Mahalleler

c_KARACALI_MAH. = 0.8333758267017224
c_KAYADIBI_MAH. = 0.16662417329827786
x_KARACALI_MAH. = 1.0
x_KAYADIBI_MAH. = 1.0

Optimal objective value: 0.0005878076995442516
