MUGLA MÝLAS Belediyesi Seçilen Mahalleler

c_AHMETCAVUS_HAYITLI_MAH. = 0.7286129780720065
c_CAMLIYURT_MAH. = 0.2713870219279934
x_AHMETCAVUS_HAYITLI_MAH. = 1.0
x_CAMLIYURT_MAH. = 1.0

Optimal objective value: 0.00045555971193855793
