MUGLA KAVAKLIDERE Belediyesi Seçilen Mahalleler

c_BAKIRCILAR_MAH. = 0.2190544427652804
c_CAMLIBEL_MAH. = 0.7809455572347196
x_BAKIRCILAR_MAH. = 1.0
x_CAMLIBEL_MAH. = 1.0

Optimal objective value: 0.00023361427155776937
