MUGLA ORTACA Belediyesi Seçilen Mahalleler

c_ATATURK_MAH. = 0.8207717305163786
c_YERBELEN_MAH. = 0.1792282694836214
x_ATATURK_MAH. = 1.0
x_YERBELEN_MAH. = 1.0

Optimal objective value: 0.0018958250068307203
