MUGLA FETHÝYE Belediyesi Seçilen Mahalleler

c_KESIKKAPI_MAH. = 0.824379110577231
c_SOGUTLU_MAH. = 0.17562088942276902
x_KESIKKAPI_MAH. = 1.0
x_SOGUTLU_MAH. = 1.0

Optimal objective value: 0.0007244774749856076
