MUS BULANIK - UZGÖRÜR Belediyesi Seçilen Mahalleler

c_UZGORUR-ABDALBEYAZIT_MAH. = 0.2285179629916582
c_UZGORUR-FATIH_MAH. = 0.7714820370083418
x_UZGORUR-ABDALBEYAZIT_MAH. = 1.0
x_UZGORUR-FATIH_MAH. = 1.0

Optimal objective value: 0.0004948661998056547
