MUS MUÞ MERKEZ Belediyesi Seçilen Mahalleler

c_MURATPASA_MAH. = 0.3592960517582514
c_YESILYURT_MAH. = 0.6407039482417486
x_MURATPASA_MAH. = 1.0
x_YESILYURT_MAH. = 1.0

Optimal objective value: 0.029696235081909772
