MUS MALAZGÝRT - KONAKKURAN Belediyesi Seçilen Mahalleler

c_KONAKKURAN-ATATURK_MAH. = 0.30513685479481645
c_KONAKKURAN-MURAT_MAH. = 0.6948631452051836
x_KONAKKURAN-ATATURK_MAH. = 1.0
x_KONAKKURAN-MURAT_MAH. = 1.0

Optimal objective value: 0.0038751363852955745
