MUS HASKÖY - DÜZKIÞLA Belediyesi Seçilen Mahalleler

c_DUZKISLA-KULTUR_MAH. = 0.01117795902370736
c_DUZKISLA-YENI_MAH. = 0.9888220409762927
x_DUZKISLA-KULTUR_MAH. = 1.0
x_DUZKISLA-YENI_MAH. = 1.0

Optimal objective value: 0.2836946568584252
