MUS MUÞ MERKEZ - KARAAÐAÇLI Belediyesi Seçilen Mahalleler

c_KARAAGACLI-BAGLAR_MAH. = 0.4933394541979408
c_KARAAGACLI-KULTUR_MAH. = 0.5066605458020592
x_KARAAGACLI-BAGLAR_MAH. = 1.0
x_KARAAGACLI-KULTUR_MAH. = 1.0

Optimal objective value: 0.00045272691574593793
