MUS BULANIK - YONCALI Belediyesi Seçilen Mahalleler

c_YONCALI-HURRIYET_MAH. = 0.7354717582819219
c_YONCALI-YENI_MAH. = 0.2645282417180781
x_YONCALI-HURRIYET_MAH. = 1.0
x_YONCALI-YENI_MAH. = 1.0

Optimal objective value: 0.007400116487817909
