MUS BULANIK - ERENTEPE Belediyesi Seçilen Mahalleler

c_ERENTEPE-FATIH_MAH. = 0.20360001164579344
c_ERENTEPE-GAZI_MAH. = 0.7963999883542066
x_ERENTEPE-FATIH_MAH. = 1.0
x_ERENTEPE-GAZI_MAH. = 1.0

Optimal objective value: 0.0017892673071563392
