MUS MUÞ MERKEZ - KIRKÖY Belediyesi Seçilen Mahalleler

c_KIRKOY-BAHCELIEVLER_MAH. = 0.5210639199710053
c_KIRKOY-DUZ_MAH. = 0.4789360800289947
x_KIRKOY-BAHCELIEVLER_MAH. = 1.0
x_KIRKOY-DUZ_MAH. = 1.0

Optimal objective value: 0.00537694502553121
