MUS KORKUT Belediyesi Seçilen Mahalleler

c_BAHCELIEVLER_MAH. = 0.9626086275613436
c_KULTUR_MAH. = 0.03739137243865646
x_BAHCELIEVLER_MAH. = 1.0
x_KULTUR_MAH. = 1.0

Optimal objective value: 0.11286105625502785
