MUS MUÞ MERKEZ - YAYGIN Belediyesi Seçilen Mahalleler

c_YAYGIN-DAGARASI_MAH. = 0.46163523512281746
c_YAYGIN-KARSIYAKA_MAH. = 0.5383647648771825
x_YAYGIN-DAGARASI_MAH. = 1.0
x_YAYGIN-KARSIYAKA_MAH. = 1.0

Optimal objective value: 0.0020600955555435396
