MUS MALAZGÝRT Belediyesi Seçilen Mahalleler

c_ADALAR_MAH. = 0.7154070673191999
c_SELCUKLU_MAH. = 0.2845929326808001
x_ADALAR_MAH. = 1.0
x_SELCUKLU_MAH. = 1.0

Optimal objective value: 0.0009850999966211083
