MUS BULANIK - SARIPINAR Belediyesi Seçilen Mahalleler

c_SARIPINAR-PINAR_MAH. = 0.4651030488786755
c_SARIPINAR-SINAN_MAH. = 0.5348969511213245
x_SARIPINAR-PINAR_MAH. = 1.0
x_SARIPINAR-SINAN_MAH. = 1.0

Optimal objective value: 0.020677148459530614
