NEVSEHIR ÜRGÜP Belediyesi Seçilen Mahalleler

c_AKSALUR_AGCASAR_MAH. = 0.10073318378689167
c_BAHCELIEVLER_MAH. = 0.8992668162131083
x_AKSALUR_AGCASAR_MAH. = 1.0
x_BAHCELIEVLER_MAH. = 1.0

Optimal objective value: 0.001041837722190797
