NEVSEHIR NEVÞEHÝR MERKEZ Belediyesi Seçilen Mahalleler

c_15_TEMMUZ_MAH. = 0.5670323638504179
c_KIRATLIOGLU_MAH. = 0.4329676361495821
x_15_TEMMUZ_MAH. = 1.0
x_KIRATLIOGLU_MAH. = 1.0

Optimal objective value: 0.0003727519957831271
