NEVSEHIR AVANOS Belediyesi Seçilen Mahalleler

c_ALAADDIN_MAH. = 0.08233494980853129
c_BAHCELIEVLER_MAH. = 0.9176650501914687
x_ALAADDIN_MAH. = 1.0
x_BAHCELIEVLER_MAH. = 1.0

Optimal objective value: 0.0008261363050946491
