NEVSEHIR AVANOS - ÖZKONAK Belediyesi Seçilen Mahalleler

c_OZKONAK-CAMI-KEBIR_MAH. = 0.5245387300279858
c_OZKONAK-ORTA_MAH. = 0.47546126997201416
x_OZKONAK-CAMI-KEBIR_MAH. = 1.0
x_OZKONAK-ORTA_MAH. = 1.0

Optimal objective value: 0.02097900445869394
