NEVSEHIR GÜLÞEHÝR Belediyesi Seçilen Mahalleler

c_KARACASAR_MAH. = 0.14854730579771788
c_KARAVEZIR_MAH. = 0.8514526942022821
x_KARACASAR_MAH. = 1.0
x_KARAVEZIR_MAH. = 1.0

Optimal objective value: 0.00028625292663575497
