NEVSEHIR NEVÞEHÝR MERKEZ - KAVAK Belediyesi Seçilen Mahalleler

c_KAVAK-ASAGI_MAH. = 0.5537411606038574
c_KAVAK-YUKARI_MAH. = 0.4462588393961433
x_KAVAK-ASAGI_MAH. = 1.0
x_KAVAK-YUKARI_MAH. = 1.0

Optimal objective value: 3.524892466799656e-08
