NEVSEHIR NEVÞEHÝR MERKEZ - ÇAT Belediyesi Seçilen Mahalleler

c_CAT-CUMHURIYET_MAH. = 0.5022624073574913
c_CAT-ISTIKLAL_MAH. = 0.4977375926425088
x_CAT-CUMHURIYET_MAH. = 1.0
x_CAT-ISTIKLAL_MAH. = 1.0

Optimal objective value: 0.001049361587696973
