NEVSEHIR KOZAKLI Belediyesi Seçilen Mahalleler

c_ALTUNSU_MAH. = 0.6355552942487988
c_EMEK_MAH. = 0.36444470575120125
x_ALTUNSU_MAH. = 1.0
x_EMEK_MAH. = 1.0

Optimal objective value: 0.00027215645998923677
