NEVSEHIR DERÝNKUYU Belediyesi Seçilen Mahalleler

c_CUMHURIYET_MAH. = 0.563641746484511
c_DEMIRCI_MAH. = 0.43635825351548896
x_CUMHURIYET_MAH. = 1.0
x_DEMIRCI_MAH. = 1.0

Optimal objective value: 0.0029385109844811685
