NEVSEHIR ACIGÖL - TATLARIN Belediyesi Seçilen Mahalleler

c_TATLARIN-BALLIK_MAH. = 0.8984507963283782
c_TATLARIN-KALE_MAH. = 0.10154920367166634
x_TATLARIN-BALLIK_MAH. = 1.0
x_TATLARIN-KALE_MAH. = 1.0

Optimal objective value: 0.008715763384883335
