NEVSEHIR AVANOS - ÇALIÞ Belediyesi Seçilen Mahalleler

c_CALIS-ASAGI_MAH. = 0.3818238642296369
c_CALIS-ORTA_MAH. = 0.6181761357703631
x_CALIS-ASAGI_MAH. = 1.0
x_CALIS-ORTA_MAH. = 1.0

Optimal objective value: 0.00020554014486962036
