NIGDE NÝÐDE MERKEZ - DÜNDARLI Belediyesi Seçilen Mahalleler

c_DUNDARLI-FATIH_MAH. = 0.2365214644161504
c_DUNDARLI-YENICE_MAH. = 0.7634785355838496
x_DUNDARLI-FATIH_MAH. = 1.0
x_DUNDARLI-YENICE_MAH. = 1.0

Optimal objective value: 0.0034314253727005806
