NIGDE NÝÐDE MERKEZ - KONAKLI Belediyesi Seçilen Mahalleler

c_KONAKLI-CUMHURIYET_MAH. = 0.5758712553962229
c_KONAKLI-HURRIYET_MAH. = 0.42412874460377714
x_KONAKLI-CUMHURIYET_MAH. = 1.0
x_KONAKLI-HURRIYET_MAH. = 1.0

Optimal objective value: 0.00011065049555125661
