NIGDE ÇÝFTLÝK - BOZKÖY Belediyesi Seçilen Mahalleler

c_BOZKOY-YENIKENT_MAH. = 0.6574118026368169
c_BOZKOY-YESILYURT_MAH. = 0.34258819736318313
x_BOZKOY-YENIKENT_MAH. = 1.0
x_BOZKOY-YESILYURT_MAH. = 1.0

Optimal objective value: 0.0006836403469857588
