NIGDE ALTUNHÝSAR Belediyesi Seçilen Mahalleler

c_YUKARI_MAH. = 0.27135514814116957
c_ISTIKLAL_MAH. = 0.7286448518588304
x_YUKARI_MAH. = 1.0
x_ISTIKLAL_MAH. = 1.0

Optimal objective value: 0.00043688861833446335
