NIGDE NÝÐDE MERKEZ - ORHANLI Belediyesi Seçilen Mahalleler

c_ORHANLI-FATIH_MAH. = 0.521703445906323
c_ORHANLI-YAVUZ_MAH. = 0.47829655409367694
x_ORHANLI-FATIH_MAH. = 1.0
x_ORHANLI-YAVUZ_MAH. = 1.0

Optimal objective value: 1.1426429418204265e-06
