NIGDE ÇÝFTLÝK - AZATLI Belediyesi Seçilen Mahalleler

c_AZATLI-KULLUCE_MAH. = 0.4731383843107704
c_AZATLI-YENI_MAH. = 0.5268616156892296
x_AZATLI-KULLUCE_MAH. = 1.0
x_AZATLI-YENI_MAH. = 1.0

Optimal objective value: 0.0002305806801746746
