NIGDE NÝÐDE MERKEZ - SAZLICA Belediyesi Seçilen Mahalleler

c_SAZLICA-ASAGI_MAH. = 0.2472194217202025
c_SAZLICA-YENI_MAH. = 0.7527805782797975
x_SAZLICA-ASAGI_MAH. = 1.0
x_SAZLICA-YENI_MAH. = 1.0

Optimal objective value: 0.0003822058305685827
