NIGDE ALTUNHÝSAR - KARAKAPI Belediyesi Seçilen Mahalleler

c_KARAKAPI-CUMHURIYET_MAH. = 0.5736704630140228
c_KARAKAPI-YENI_MAH. = 0.42632953698597714
x_KARAKAPI-CUMHURIYET_MAH. = 1.0
x_KARAKAPI-YENI_MAH. = 1.0

Optimal objective value: 0.0003615833022402315
