NIGDE NÝÐDE MERKEZ - ALAY Belediyesi Seçilen Mahalleler

c_ALAY-CUMHURIYET_MAH. = 0.4257429436890388
c_ALAY-HURRIYET_MAH. = 0.5742570563109609
x_ALAY-CUMHURIYET_MAH. = 1.0
x_ALAY-HURRIYET_MAH. = 1.0

Optimal objective value: 0.001070474863804849
