NIGDE ULUKIÞLA Belediyesi Seçilen Mahalleler

c_KEMALPASA_MAH. = 0.6330688739519468
c_MISIRLI_MAH. = 0.3669311260480533
x_KEMALPASA_MAH. = 1.0
x_MISIRLI_MAH. = 1.0

Optimal objective value: 0.0009173936149163842
