NIGDE BOR - BAHÇELÝ Belediyesi Seçilen Mahalleler

c_BAHCELI-CUMHURIYET_MAH. = 0.6795499804257606
c_BAHCELI-SARAY_MAH. = 0.32045001957423935
x_BAHCELI-CUMHURIYET_MAH. = 1.0
x_BAHCELI-SARAY_MAH. = 1.0

Optimal objective value: 0.004026506086346582
