NIGDE BOR Belediyesi Seçilen Mahalleler

c_ACIGOL_MAH. = 0.19981916194914184
c_CIGIZOGLU_OSMAN_EFENDI__MAH. = 0.8001808380508582
x_ACIGOL_MAH. = 1.0
x_CIGIZOGLU_OSMAN_EFENDI__MAH. = 1.0

Optimal objective value: 0.00029366722540669077
