NIGDE ÇÝFTLÝK - DÝVARLI Belediyesi Seçilen Mahalleler

c_DIVARLI-ALPASLAN_MAH. = 0.6257521745052721
c_DIVARLI-FATIH_MAH. = 0.3742478254947279
x_DIVARLI-ALPASLAN_MAH. = 1.0
x_DIVARLI-FATIH_MAH. = 1.0

Optimal objective value: 0.0006419167185537367
