NIGDE NÝÐDE MERKEZ - AKTAÞ Belediyesi Seçilen Mahalleler

c_AKTAS-DEVLET_MAH. = 0.5230192072405191
c_AKTAS-YENI_MAH. = 0.47698079275948085
x_AKTAS-DEVLET_MAH. = 1.0
x_AKTAS-YENI_MAH. = 1.0

Optimal objective value: 0.002464059328697088
