ORDU ÝKÝZCE Belediyesi Seçilen Mahalleler

c_BEYLERCE_MAH. = 0.6474382309949127
c_YOGUNOLUK_MAH. = 0.35256176900508734
x_BEYLERCE_MAH. = 1.0
x_YOGUNOLUK_MAH. = 1.0

Optimal objective value: 0.0008793770556696501
