ORDU ALTINORDU Belediyesi Seçilen Mahalleler

c_YEMISLI_MAH. = 0.5931588048235097
c_SARKIYE_MAH. = 0.4068411951764903
x_YEMISLI_MAH. = 1.0
x_SARKIYE_MAH. = 1.0

Optimal objective value: 0.0007822134032259287
