ORDU GÖLKÖY Belediyesi Seçilen Mahalleler

c_SULEYMANIYE_MAH. = 0.5512380763315443
c_CETILLI_MAH. = 0.44876192366845563
x_SULEYMANIYE_MAH. = 1.0
x_CETILLI_MAH. = 1.0

Optimal objective value: 0.0005171711941639456
