ORDU AKKUÞ Belediyesi Seçilen Mahalleler

c_GURGENLIYATAK_MAH. = 0.3071842064812287
c_ORMANCIK_MAH. = 0.6928157935187713
x_GURGENLIYATAK_MAH. = 1.0
x_ORMANCIK_MAH. = 1.0

Optimal objective value: 0.0006569593542360419
