ORDU KABATAÞ Belediyesi Seçilen Mahalleler

c_HOSKADEM_MAH. = 0.9522634833550738
c_MERKEZ_MAH. = 0.047736516644926175
x_HOSKADEM_MAH. = 1.0
x_MERKEZ_MAH. = 1.0

Optimal objective value: 0.021998912865333287
