ORDU GÜLYALI Belediyesi Seçilen Mahalleler

c_GULISTAN_MAH. = 0.18864182483303238
c_SAYACA_MAH. = 0.8113581751669676
x_GULISTAN_MAH. = 1.0
x_SAYACA_MAH. = 1.0

Optimal objective value: 0.0005775961106342375
