ORDU MESUDÝYE Belediyesi Seçilen Mahalleler

c_BAYIRKOY_MAH. = 0.5220211787254142
c_KARABAYIR_MAH. = 0.4779788212745858
x_BAYIRKOY_MAH. = 1.0
x_KARABAYIR_MAH. = 1.0

Optimal objective value: 0.0006522671811715064
