ORDU ÇAMAÞ Belediyesi Seçilen Mahalleler

c_DANISMAN_MAH. = 0.9256807128888176
c_SARIYAKUP_MAH. = 0.07431928711118245
x_DANISMAN_MAH. = 1.0
x_SARIYAKUP_MAH. = 1.0

Optimal objective value: 0.0015666180293755216
