ORDU KORGAN Belediyesi Seçilen Mahalleler

c_YAZLIK_MAH. = 0.5450236605242822
c_YESILDERE_MAH. = 0.45497633947571775
x_YAZLIK_MAH. = 1.0
x_YESILDERE_MAH. = 1.0

Optimal objective value: 0.0007776983881021549
