ORDU KUMRU Belediyesi Seçilen Mahalleler

c_KARACALI_MAH. = 0.657594091435465
c_KAYABASI_MAH. = 0.342405908564535
x_KARACALI_MAH. = 1.0
x_KAYABASI_MAH. = 1.0

Optimal objective value: 0.0008974335284714918
