ORDU ULUBEY Belediyesi Seçilen Mahalleler

c_EYMUR_MAH. = 0.6891159194718091
c_OYUMGURGEN_MAH. = 0.31088408052819094
x_EYMUR_MAH. = 1.0
x_OYUMGURGEN_MAH. = 1.0

Optimal objective value: 0.00363226574609532
