ORDU ÜNYE Belediyesi Seçilen Mahalleler

c_ESKIKIZILCAKESE_MAH. = 0.707264323929613
c_TEPEKOY_MAH. = 0.292735676070387
x_ESKIKIZILCAKESE_MAH. = 1.0
x_TEPEKOY_MAH. = 1.0

Optimal objective value: 0.006692251944684369
