ORDU FATSA Belediyesi Seçilen Mahalleler

c_AHMETLER_MAH. = 0.0843331521577998
c_SEREFIYE_MAH. = 0.9156668478422002
x_AHMETLER_MAH. = 1.0
x_SEREFIYE_MAH. = 1.0

Optimal objective value: 0.0004972691378263283
