ORDU PERÞEMBE Belediyesi Seçilen Mahalleler

c_BOGAZCIK_MAH. = 0.6140083675417952
c_CAYTEPE_MAH. = 0.3859916324582048
x_BOGAZCIK_MAH. = 1.0
x_CAYTEPE_MAH. = 1.0

Optimal objective value: 0.00013349071875523588
