ORDU KABADÜZ Belediyesi Seçilen Mahalleler

c_ESENYURT_MAH. = 0.0890042970784698
c_HARAMI_MAH. = 0.9109957029215302
x_ESENYURT_MAH. = 1.0
x_HARAMI_MAH. = 1.0

Optimal objective value: 0.034505470157132345
