ORDU GÜRGENTEPE Belediyesi Seçilen Mahalleler

c_AKYURT_MAH. = 0.7109727780401665
c_OKCABEL_MAH. = 0.28902722195983355
x_AKYURT_MAH. = 1.0
x_OKCABEL_MAH. = 1.0

Optimal objective value: 0.0003219113037350452
