OSMANIYE DÜZÝÇÝ - ATALAN Belediyesi Seçilen Mahalleler

c_ATALAN-KATOBASI_MAH. = 0.9865906893063638
c_ATALAN-MERKEZ_MAH. = 0.013409310693636156
x_ATALAN-KATOBASI_MAH. = 1.0
x_ATALAN-MERKEZ_MAH. = 1.0

Optimal objective value: 0.0007856370202883323
