OSMANIYE DÜZÝÇÝ - ELLEK Belediyesi Seçilen Mahalleler

c_ELLEK-PECENEK_MAH. = 0.7404479500909684
c_ELLEK-CIRAZ_MAH. = 0.25955204990903163
x_ELLEK-PECENEK_MAH. = 1.0
x_ELLEK-CIRAZ_MAH. = 1.0

Optimal objective value: 0.0023213805886106442
