OSMANIYE HASANBEYLÝ Belediyesi Seçilen Mahalleler

c_MERKEZ_MAH. = 0.19264453158385397
c_YESILYURT_MAH. = 0.807355468416146
x_MERKEZ_MAH. = 1.0
x_YESILYURT_MAH. = 1.0

Optimal objective value: 0.1376409024966252
