OSMANIYE KADÝRLÝ Belediyesi Seçilen Mahalleler

c_7_MART_MAH. = 0.0951264401069497
c_SEHIT_HALIS_SISMAN_MAH. = 0.9048735598930503
x_7_MART_MAH. = 1.0
x_SEHIT_HALIS_SISMAN_MAH. = 1.0

Optimal objective value: 0.00035410856710760275
