OSMANIYE SUMBAS - MEHMETLÝ Belediyesi Seçilen Mahalleler

c_MEHMETLI-ARMAGANLI_MAH. = 0.5442880002121849
c_MEHMETLI-YENI_MAH. = 0.45571199978781507
x_MEHMETLI-ARMAGANLI_MAH. = 1.0
x_MEHMETLI-YENI_MAH. = 1.0

Optimal objective value: 0.002523228511511655
