OSMANIYE OSMANÝYE MERKEZ Belediyesi Seçilen Mahalleler

c_VATAN_MAH. = 0.7820204070832599
c_ISTIKLAL_MAH. = 0.2179795929167401
x_VATAN_MAH. = 1.0
x_ISTIKLAL_MAH. = 1.0

Optimal objective value: 0.0015535898192169384
