OSMANIYE SUMBAS Belediyesi Seçilen Mahalleler

c_DOGENLI_MAH. = 0.5752364028877184
c_KARAOMERLI_MAH. = 0.4247635971122809
x_DOGENLI_MAH. = 1.0
x_KARAOMERLI_MAH. = 1.0

Optimal objective value: 0.08466198065031405
