OSMANIYE DÜZÝÇÝ Belediyesi Seçilen Mahalleler

c_CUMHURIYET_MAH. = 0.5012989567224796
c_UZUN_BANI_MAH. = 0.4987010432775204
x_CUMHURIYET_MAH. = 1.0
x_UZUN_BANI_MAH. = 1.0

Optimal objective value: 0.0006297001424476756
