OSMANIYE TOPRAKKALE Belediyesi Seçilen Mahalleler

c_GOCMENLER_MAH. = 0.6421817717343756
c_SAZLIK_MAH. = 0.3578182282656243
x_GOCMENLER_MAH. = 1.0
x_SAZLIK_MAH. = 1.0

Optimal objective value: 0.01392075834421913
