OSMANIYE DÜZÝÇÝ - BÖCEKLÝ Belediyesi Seçilen Mahalleler

c_BOCEKLI-DEMIRCILER_MAH. = 0.8429654450065419
c_BOCEKLI-DUMBURDEK_MAH. = 0.15703455499345806
x_BOCEKLI-DEMIRCILER_MAH. = 1.0
x_BOCEKLI-DUMBURDEK_MAH. = 1.0

Optimal objective value: 0.00010472008208950445
