RIZE ÇAYELÝ Belediyesi Seçilen Mahalleler

c_BUYUKTASHANE_MAH. = 0.5653191325565108
c_KESMETAS_MAH. = 0.4346808674434892
x_BUYUKTASHANE_MAH. = 1.0
x_KESMETAS_MAH. = 1.0

Optimal objective value: 0.0005179353037826351
