RIZE GÜNEYSU Belediyesi Seçilen Mahalleler

c_MERKEZ_MAH. = 0.8393699394745854
c_ULUCAMII_MAH. = 0.16063006052541465
x_MERKEZ_MAH. = 1.0
x_ULUCAMII_MAH. = 1.0

Optimal objective value: 0.0009303028468661267
