RIZE KALKANDERE Belediyesi Seçilen Mahalleler

c_DAGDIBI_MAH. = 0.5732626033111775
c_TASCILAR_MAH. = 0.4267373966888225
x_DAGDIBI_MAH. = 1.0
x_TASCILAR_MAH. = 1.0

Optimal objective value: 0.00022106599287829987
