RIZE ARDEÞEN - TUNCA Belediyesi Seçilen Mahalleler

c_TUNCA-KONAK_MAH. = 0.2879497149283664
c_TUNCA-MERKEZ_MAH. = 0.7120502850716336
x_TUNCA-KONAK_MAH. = 1.0
x_TUNCA-MERKEZ_MAH. = 1.0

Optimal objective value: 0.00035593774512021614
