RIZE RÝZE MERKEZ Belediyesi Seçilen Mahalleler

c_ALIPASA_MAH. = 0.3883273763699293
c_CAMLIBEL_MAH. = 0.6116726236300707
x_ALIPASA_MAH. = 1.0
x_CAMLIBEL_MAH. = 1.0

Optimal objective value: 0.0004994117651409002
