RIZE ÝKÝZDERE Belediyesi Seçilen Mahalleler

c_KIRAZLI_MAH. = 0.48891616770568747
c_YESILYURT_MAH. = 0.5110838322943125
x_KIRAZLI_MAH. = 1.0
x_YESILYURT_MAH. = 1.0

Optimal objective value: 0.06616805108165269
