RIZE FINDIKLI Belediyesi Seçilen Mahalleler

c_AKSU_MAH. = 0.86294238331476
c_HURRIYET_MAH. = 0.13705761668524002
x_AKSU_MAH. = 1.0
x_HURRIYET_MAH. = 1.0

Optimal objective value: 0.0003389117545237186
