RIZE DEREPAZARI Belediyesi Seçilen Mahalleler

c_FICICILAR_MAH. = 0.8645836685079575
c_SARIYER_MAH. = 0.13541633149204244
x_FICICILAR_MAH. = 1.0
x_SARIYER_MAH. = 1.0

Optimal objective value: 0.008774338495032175
