RIZE ÇAYELÝ - MADENLÝ Belediyesi Seçilen Mahalleler

c_MADENLI-ALOGLU_MAH. = 0.3505231514441496
c_MADENLI-YAZICILAR_MAH. = 0.6494768485558504
x_MADENLI-ALOGLU_MAH. = 1.0
x_MADENLI-YAZICILAR_MAH. = 1.0

Optimal objective value: 0.020939484350301463
