RIZE ARDEÞEN Belediyesi Seçilen Mahalleler

c_MERKEZ_MAH. = 0.674671325414529
c_YAVUZ_SELIM_MAH. = 0.325328674585471
x_MERKEZ_MAH. = 1.0
x_YAVUZ_SELIM_MAH. = 1.0

Optimal objective value: 0.0004902973914245878
