RIZE PAZAR Belediyesi Seçilen Mahalleler

c_PAZAR_MAH. = 0.46108605229555644
c_YUKARI_SOGUKSU_MAH. = 0.5389139477044436
x_PAZAR_MAH. = 1.0
x_YUKARI_SOGUKSU_MAH. = 1.0

Optimal objective value: 0.000572841698125881
