RIZE RÝZE MERKEZ - KENDÝRLÝ Belediyesi Seçilen Mahalleler

c_KENDIRLI-ASMALIK_MAH. = 0.29188998952191175
c_KENDIRLI-DUZ_MAH. = 0.7081100104780882
x_KENDIRLI-ASMALIK_MAH. = 1.0
x_KENDIRLI-DUZ_MAH. = 1.0

Optimal objective value: 0.02508913952360836
