SAKARYA SÖÐÜTLÜ Belediyesi Seçilen Mahalleler

c_AKARCA_MAH. = 0.8587377134889125
c_TOKMAKLIDERE_MAH. = 0.14126228651108758
x_AKARCA_MAH. = 1.0
x_TOKMAKLIDERE_MAH. = 1.0

Optimal objective value: 0.0005985484446843214
