SAKARYA KAYNARCA Belediyesi Seçilen Mahalleler

c_KALBURCU_MAH. = 0.37591206175834546
c_KULAKLI_MAH. = 0.6240879382416545
x_KALBURCU_MAH. = 1.0
x_KULAKLI_MAH. = 1.0

Optimal objective value: 0.0009811859519129884
