SAKARYA SAPANCA Belediyesi Seçilen Mahalleler

c_HACIMERCAN_MAH. = 0.2525344229503358
c_KIRKPINAR_TEPEBASI_MAH. = 0.7474655770496642
x_HACIMERCAN_MAH. = 1.0
x_KIRKPINAR_TEPEBASI_MAH. = 1.0

Optimal objective value: 0.006254669444903382
