SAKARYA TARAKLI Belediyesi Seçilen Mahalleler

c_YENIDOGAN_MAH. = 0.8114945989596145
c_CAMTEPE_MAH. = 0.18850540104038546
x_YENIDOGAN_MAH. = 1.0
x_CAMTEPE_MAH. = 1.0

Optimal objective value: 0.13265111364870674
