SAKARYA ADAPAZARI Belediyesi Seçilen Mahalleler

c_15_TEMMUZ_CAMILI_MAH. = 0.14531158339091887
c_CUKURAHMEDIYE_MAH. = 0.8546884166090811
x_15_TEMMUZ_CAMILI_MAH. = 1.0
x_CUKURAHMEDIYE_MAH. = 1.0

Optimal objective value: 0.00040059013634752283
