SAKARYA AKYAZI Belediyesi Seçilen Mahalleler

c_BALLIKAYA_MAH. = 0.2925272356997266
c_SEYFELER_MAH. = 0.7074727643002734
x_BALLIKAYA_MAH. = 1.0
x_SEYFELER_MAH. = 1.0

Optimal objective value: 0.00019651246993146465
