SAKARYA KOCAALÝ Belediyesi Seçilen Mahalleler

c_AKPINAR_MAH. = 0.49911034572308743
c_AGALAR_MAH. = 0.5008896542769126
x_AKPINAR_MAH. = 1.0
x_AGALAR_MAH. = 1.0

Optimal objective value: 0.00028600200298900536
