SAKARYA KARASU Belediyesi Seçilen Mahalleler

c_KURUMESE_MAH. = 0.34798112346571497
c_INCILLI__MAH. = 0.652018876534285
x_KURUMESE_MAH. = 1.0
x_INCILLI__MAH. = 1.0

Optimal objective value: 0.0010136741296140617
