SAKARYA ARÝFÝYE Belediyesi Seçilen Mahalleler

c_ARIFBEY_MAH. = 0.5624049206727181
c_TURKCAYBASI_MAH. = 0.4375950793272819
x_ARIFBEY_MAH. = 1.0
x_TURKCAYBASI_MAH. = 1.0

Optimal objective value: 0.0011753404385925759
