SAKARYA ERENLER Belediyesi Seçilen Mahalleler

c_ALANCUMA_MAH. = 0.413745787856694
c_TABAKHANE_MAH. = 0.586254212143306
x_ALANCUMA_MAH. = 1.0
x_TABAKHANE_MAH. = 1.0

Optimal objective value: 0.0009092309372185081
