SAKARYA GEYVE Belediyesi Seçilen Mahalleler

c_AHIBABA_MAH. = 0.4275261184654938
c_KULFALLAR_MAH. = 0.5724738815345062
x_AHIBABA_MAH. = 1.0
x_KULFALLAR_MAH. = 1.0

Optimal objective value: 0.0007964926430894526
