SAKARYA KARAPÜRÇEK Belediyesi Seçilen Mahalleler

c_AHMETLER_MAH. = 0.2570522234063848
c_HOCAKOY_MAH. = 0.7429477765936152
x_AHMETLER_MAH. = 1.0
x_HOCAKOY_MAH. = 1.0

Optimal objective value: 0.000608408743970168
