SAKARYA SERDÝVAN Belediyesi Seçilen Mahalleler

c_BESKOPRU_MAH. = 0.3571328736480648
c_ESENTEPE_MAH. = 0.6428671263519352
x_BESKOPRU_MAH. = 1.0
x_ESENTEPE_MAH. = 1.0

Optimal objective value: 0.0001831211166670732
