SAKARYA HENDEK Belediyesi Seçilen Mahalleler

c_KAHRAMAN_MAH. = 0.8428041039116534
c_YENIKOY_MAH. = 0.15719589608834666
x_KAHRAMAN_MAH. = 1.0
x_YENIKOY_MAH. = 1.0

Optimal objective value: 0.0007377420079279773
