SAMSUN CANÝK Belediyesi Seçilen Mahalleler

c_KARSIYAKA_MAH. = 0.16284336356977214
c_TEKNEPINAR_MAH. = 0.8371566364302279
x_KARSIYAKA_MAH. = 1.0
x_TEKNEPINAR_MAH. = 1.0

Optimal objective value: 0.0007448136652700166
