SAMSUN 19 MAYIS Belediyesi Seçilen Mahalleler

c_AYDINPINAR_MAH. = 0.4229732835578549
c_PAZAR_MAH. = 0.5770267164421451
x_AYDINPINAR_MAH. = 1.0
x_PAZAR_MAH. = 1.0

Optimal objective value: 0.0004948444438590549
