SAMSUN LADÝK Belediyesi Seçilen Mahalleler

c_KIZILSINI_MAH. = 0.4464058489534275
c_SOGANLI_MAH. = 0.5535941510465725
x_KIZILSINI_MAH. = 1.0
x_SOGANLI_MAH. = 1.0

Optimal objective value: 0.0006074248469140064
