SAMSUN ALAÇAM Belediyesi Seçilen Mahalleler

c_PELITBUKUSEKECEK_MAH. = 0.5689774523093676
c_SIRINKOY_MAH. = 0.43102254769063236
x_PELITBUKUSEKECEK_MAH. = 1.0
x_SIRINKOY_MAH. = 1.0

Optimal objective value: 0.0051398009131489175
