SAMSUN TEKKEKÖY Belediyesi Seçilen Mahalleler

c_19_MAYIS_MAH. = 0.6353546558707417
c_BUYUKLU_MAH. = 0.36464534412925825
x_19_MAYIS_MAH. = 1.0
x_BUYUKLU_MAH. = 1.0

Optimal objective value: 0.000212531300571972
