SAMSUN KAVAK Belediyesi Seçilen Mahalleler

c_19_MAYIS_MAH. = 0.7863587593778048
c_IDRISLI_MAH. = 0.2136412406221953
x_19_MAYIS_MAH. = 1.0
x_IDRISLI_MAH. = 1.0

Optimal objective value: 0.0009216661491769917
