SAMSUN ATAKUM Belediyesi Seçilen Mahalleler

c_MIMARSINAN__MAH. = 0.12836040089352588
c_YESILDERE_MAH. = 0.8716395991064741
x_MIMARSINAN__MAH. = 1.0
x_YESILDERE_MAH. = 1.0

Optimal objective value: 0.0008440948396085668
