SAMSUN AYVACIK Belediyesi Seçilen Mahalleler

c_GULPINAR_MAH. = 0.9926642268191019
c_GURCAM_MAH. = 0.007335773180898064
x_GULPINAR_MAH. = 1.0
x_GURCAM_MAH. = 1.0

Optimal objective value: 0.0010879773794898462
