SAMSUN ÇARÞAMBA Belediyesi Seçilen Mahalleler

c_AKKUZULU_MAH. = 0.33532736930666274
c_KARAKULAK_MAH. = 0.6646726306933373
x_AKKUZULU_MAH. = 1.0
x_KARAKULAK_MAH. = 1.0

Optimal objective value: 0.0002676576060136604
