SAMSUN VEZÝRKÖPRÜ Belediyesi Seçilen Mahalleler

c_ABDULGANI_MAH. = 0.41327825097499504
c_BAKLA_MAH. = 0.586721749025005
x_ABDULGANI_MAH. = 1.0
x_BAKLA_MAH. = 1.0

Optimal objective value: 0.0007873484615412707
