SAMSUN HAVZA Belediyesi Seçilen Mahalleler

c_TASKARACAOREN_MAH. = 0.2744279650068452
c_CAKIRALAN_MAH. = 0.7255720349931548
x_TASKARACAOREN_MAH. = 1.0
x_CAKIRALAN_MAH. = 1.0

Optimal objective value: 0.0005979931108436309
