SAMSUN SALIPAZARI Belediyesi Seçilen Mahalleler

c_FATSALILAR_MAH. = 0.47030906468716505
c_MERKEZ_KOCALAR_MAH. = 0.529690935312835
x_FATSALILAR_MAH. = 1.0
x_MERKEZ_KOCALAR_MAH. = 1.0

Optimal objective value: 0.0009037137940814954
