SAMSUN BAFRA Belediyesi Seçilen Mahalleler

c_ELALAN_MAH. = 0.5404154691410146
c_SEYHULAS_MAH. = 0.4595845308589854
x_ELALAN_MAH. = 1.0
x_SEYHULAS_MAH. = 1.0

Optimal objective value: 0.0007695482261196318
