SAMSUN YAKAKENT Belediyesi Seçilen Mahalleler

c_MERKEZ_MAH. = 0.6243119386622409
c_MUTAFLI_MAH. = 0.3756880613377591
x_MERKEZ_MAH. = 1.0
x_MUTAFLI_MAH. = 1.0

Optimal objective value: 0.00025889562896519447
