SAMSUN TERME Belediyesi Seçilen Mahalleler

c_AHMETBEY_MAH. = 0.6994394883186223
c_CANAKLI_MAH. = 0.3005605116813776
x_AHMETBEY_MAH. = 1.0
x_CANAKLI_MAH. = 1.0

Optimal objective value: 0.0009887113157702743
