SANLIURFA SURUÇ Belediyesi Seçilen Mahalleler

c_KARAKUYU_MAH. = 0.5946138535107757
c_TOKCALI_MAH. = 0.4053861464892244
x_KARAKUYU_MAH. = 1.0
x_TOKCALI_MAH. = 1.0

Optimal objective value: 0.0005788408688646163
