SANLIURFA VÝRANÞEHÝR Belediyesi Seçilen Mahalleler

c_ABALAR_MAH. = 0.2662644347882336
c_YUKARISOLENLI_MAH. = 0.7337355652117664
x_ABALAR_MAH. = 1.0
x_YUKARISOLENLI_MAH. = 1.0

Optimal objective value: 0.000883320402987442
