SANLIURFA BÝRECÝK Belediyesi Seçilen Mahalleler

c_DAMLICA_MAH. = 0.3135836603312706
c_YUKARIINCIRLI_MAH. = 0.6864163396687294
x_DAMLICA_MAH. = 1.0
x_YUKARIINCIRLI_MAH. = 1.0

Optimal objective value: 0.001104549847936953
