SANLIURFA CEYLANPINAR Belediyesi Seçilen Mahalleler

c_SARACCESME_MAH. = 0.8298544969245161
c_YUKARIKARATAS_MAH. = 0.17014550307548393
x_SARACCESME_MAH. = 1.0
x_YUKARIKARATAS_MAH. = 1.0

Optimal objective value: 0.0006696149935007112
