SANLIURFA SÝVEREK Belediyesi Seçilen Mahalleler

c_AYRANCI_MAH. = 0.1281436006010258
c_NOHUT_MAH. = 0.8718563993989742
x_AYRANCI_MAH. = 1.0
x_NOHUT_MAH. = 1.0

Optimal objective value: 0.0007405724355821208
