SANLIURFA BOZOVA Belediyesi Seçilen Mahalleler

c_KEPIRCE_MAH. = 0.8387724682230481
c_SIHLAR_MAH. = 0.1612275317769519
x_KEPIRCE_MAH. = 1.0
x_SIHLAR_MAH. = 1.0

Optimal objective value: 0.00036984456513922126
