SANLIURFA HALFETÝ Belediyesi Seçilen Mahalleler

c_DUTLUCA_MAH. = 0.76869842248079
c_SUTVEREN_MAH. = 0.23130157751921002
x_DUTLUCA_MAH. = 1.0
x_SUTVEREN_MAH. = 1.0

Optimal objective value: 0.0001916736517991735
