SANLIURFA EYYÜBÝYE Belediyesi Seçilen Mahalleler

c_GELINCIK_MAH. = 0.3039655720654182
c_YENI_MAH. = 0.6960344279345818
x_GELINCIK_MAH. = 1.0
x_YENI_MAH. = 1.0

Optimal objective value: 0.000650676622952373
