SANLIURFA AKÇAKALE Belediyesi Seçilen Mahalleler

c_BUYUKTOKAC_MAH. = 0.5584260891897594
c_TASKINLAR_MAH. = 0.44157391081024056
x_BUYUKTOKAC_MAH. = 1.0
x_TASKINLAR_MAH. = 1.0

Optimal objective value: 0.0005775450794901493
