SANLIURFA HARRAN Belediyesi Seçilen Mahalleler

c_AHMETKARA_MAH. = 0.14101359885614773
c_SUAYIPSEHRI_MAH. = 0.8589864011438523
x_AHMETKARA_MAH. = 1.0
x_SUAYIPSEHRI_MAH. = 1.0

Optimal objective value: 0.0007315317137946975
