SANLIURFA HALÝLÝYE Belediyesi Seçilen Mahalleler

c_GUZELKOY_MAH. = 0.18509779192539588
c_PASABAGI_MAH. = 0.8149022080746041
x_GUZELKOY_MAH. = 1.0
x_PASABAGI_MAH. = 1.0

Optimal objective value: 0.0004553347358855486
