SANLIURFA HÝLVAN Belediyesi Seçilen Mahalleler

c_AKCAKEBIR_MAH. = 0.500503178570996
c_OMERLI_MAH. = 0.499496821429004
x_AKCAKEBIR_MAH. = 1.0
x_OMERLI_MAH. = 1.0

Optimal objective value: 0.0026255522410482124
