SANLIURFA KARAKÖPRÜ Belediyesi Seçilen Mahalleler

c_KUCUK_AKZIYARET_MAH. = 0.41775164963598277
c_YAYLACIK_MAH. = 0.5822483503640172
x_KUCUK_AKZIYARET_MAH. = 1.0
x_YAYLACIK_MAH. = 1.0

Optimal objective value: 0.0005659248783524973
