SIIRT BAYKAN Belediyesi Seçilen Mahalleler

c_CEFAN_MAH. = 0.2502243421943927
c_YENIDOGAN_MAH. = 0.7497756578056073
x_CEFAN_MAH. = 1.0
x_YENIDOGAN_MAH. = 1.0

Optimal objective value: 0.016908429508374123
