SIIRT SÝÝRT MERKEZ - GÖKÇEBAÐ Belediyesi Seçilen Mahalleler

c_GOKCEBAG-BAGLAR_MAH. = 0.44242809522690596
c_GOKCEBAG-YENI_MAH. = 0.557571904773094
x_GOKCEBAG-BAGLAR_MAH. = 1.0
x_GOKCEBAG-YENI_MAH. = 1.0

Optimal objective value: 0.0030818013752154094
