SIIRT SÝÝRT MERKEZ Belediyesi Seçilen Mahalleler

c_HALENZE_MAH. = 0.26211864393051376
c_KARAKOL_MAH. = 0.7378813560694862
x_HALENZE_MAH. = 1.0
x_KARAKOL_MAH. = 1.0

Optimal objective value: 0.0006861626410009647
