SIIRT ÞÝRVAN Belediyesi Seçilen Mahalleler

c_BAGCILAR_MAH. = 0.4608592180343199
c_KIRTEPE_MAH. = 0.5391407819656802
x_BAGCILAR_MAH. = 1.0
x_KIRTEPE_MAH. = 1.0

Optimal objective value: 0.0005574605297422597
