SIIRT PERVARÝ - BEÐENDÝK Belediyesi Seçilen Mahalleler

c_BEGENDIK-GAZI_MAH. = 0.6966011326963845
c_BEGENDIK-KALE_MAH. = 0.30339886730361304
x_BEGENDIK-GAZI_MAH. = 1.0
x_BEGENDIK-KALE_MAH. = 1.0

Optimal objective value: 0.00017305761504426975
