SIIRT TÝLLO Belediyesi Seçilen Mahalleler

c_MUCAHIT_MAH. = 0.6258884916287609
c_SAYDANLAR_MAH. = 0.3741115083712391
x_MUCAHIT_MAH. = 1.0
x_SAYDANLAR_MAH. = 1.0

Optimal objective value: 0.004061771308887074
