SINOP ERFELEK Belediyesi Seçilen Mahalleler

c_MERKEZ_MAH. = 0.8248791841941391
c_SALAVAT_MAH. = 0.17512081580586092
x_MERKEZ_MAH. = 1.0
x_SALAVAT_MAH. = 1.0

Optimal objective value: 0.0003628552673018426
