SINOP TÜRKELÝ Belediyesi Seçilen Mahalleler

c_GUZELYURT_MAH. = 0.4114644672973742
c_TUMERKAN_MAH. = 0.5885355327026258
x_GUZELYURT_MAH. = 1.0
x_TUMERKAN_MAH. = 1.0

Optimal objective value: 0.00021846495904109808
