SINOP GERZE Belediyesi Seçilen Mahalleler

c_CUMHURIYET_MAH. = 0.4137293542797029
c_HAMIDIYE_MAH. = 0.5862706457202971
x_CUMHURIYET_MAH. = 1.0
x_HAMIDIYE_MAH. = 1.0

Optimal objective value: 8.463958590754217e-05
