SINOP SÝNOP MERKEZ Belediyesi Seçilen Mahalleler

c_KEFEVI_MAH. = 0.5588390342038605
c_INCEDAYI_MAH. = 0.44116096579613956
x_KEFEVI_MAH. = 1.0
x_INCEDAYI_MAH. = 1.0

Optimal objective value: 0.00039307119326437157
