SIRNAK ULUDERE Belediyesi Seçilen Mahalleler

c_KILABAN_MAH. = 0.4951830578044154
c_OZELLI_MAH. = 0.5048169421955846
x_KILABAN_MAH. = 1.0
x_OZELLI_MAH. = 1.0

Optimal objective value: 0.002480390457421544
