SIRNAK ÝDÝL - KARALAR Belediyesi Seçilen Mahalleler

c_KARALAR-TEMEL_MAH. = 0.48519145198321817
c_KARALAR-SAMIL_MAH. = 0.5148085480167819
x_KARALAR-TEMEL_MAH. = 1.0
x_KARALAR-SAMIL_MAH. = 1.0

Optimal objective value: 5.21635478845095e-06
