SIRNAK SÝLOPÝ - GÖRÜMLÜ Belediyesi Seçilen Mahalleler

c_GORUMLU-YENI_MAH. = 0.8362569618195259
c_GORUMLU-YOLAGIZI_MAH. = 0.1637430381804741
x_GORUMLU-YENI_MAH. = 1.0
x_GORUMLU-YOLAGIZI_MAH. = 1.0

Optimal objective value: 0.0033766529905741027
