SIRNAK SÝLOPÝ - ÇALIÞKAN Belediyesi Seçilen Mahalleler

c_CALISKAN-ATATURK_MAH. = 0.7960072995802754
c_CALISKAN-FATIH_MAH. = 0.2039927004197246
x_CALISKAN-ATATURK_MAH. = 1.0
x_CALISKAN-FATIH_MAH. = 1.0

Optimal objective value: 0.00018986461695535972
