SIRNAK ÞIRNAK MERKEZ Belediyesi Seçilen Mahalleler

c_ATATURK_MAH. = 0.4891702602056591
c_BAHCELIEVLER_MAH. = 0.5108297397943409
x_ATATURK_MAH. = 1.0
x_BAHCELIEVLER_MAH. = 1.0

Optimal objective value: 0.0006008365731031695
