SIRNAK ÝDÝL - SIRTKÖY Belediyesi Seçilen Mahalleler

c_SIRTKOY-DICLE_MAH. = 0.17068054867137972
c_SIRTKOY-FIRAT_MAH. = 0.8293194513286202
x_SIRTKOY-DICLE_MAH. = 1.0
x_SIRTKOY-FIRAT_MAH. = 1.0

Optimal objective value: 0.14286399858543564
