SIRNAK BEYTÜÞÞEBAP Belediyesi Seçilen Mahalleler

c_ALICAVUS_MAH. = 0.7622446944119733
c_KARSIYAKA_MAH. = 0.2377553055880267
x_ALICAVUS_MAH. = 1.0
x_KARSIYAKA_MAH. = 1.0

Optimal objective value: 0.001778164754081546
