SIRNAK GÜÇLÜKONAK - FINDIK Belediyesi Seçilen Mahalleler

c_FINDIK-GUMUSYAZI_MAH. = 0.23375458220295037
c_FINDIK-KARSIYAKA_MAH. = 0.7662454177970497
x_FINDIK-GUMUSYAZI_MAH. = 1.0
x_FINDIK-KARSIYAKA_MAH. = 1.0

Optimal objective value: 0.00023818112943252423
