SIRNAK ULUDERE - HÝLAL Belediyesi Seçilen Mahalleler

c_HILAL-GUNESLI_MAH. = 0.10918380102134861
c_HILAL-YILDIZ_MAH. = 0.8908161989786514
x_HILAL-GUNESLI_MAH. = 1.0
x_HILAL-YILDIZ_MAH. = 1.0

Optimal objective value: 0.00016400092971280422
