SIVAS SUÞEHRÝ Belediyesi Seçilen Mahalleler

c_GONULOGLU_MAH. = 0.715904805451629
c_YALNIZBAGLAR_MAH. = 0.28409519454837096
x_GONULOGLU_MAH. = 1.0
x_YALNIZBAGLAR_MAH. = 1.0

Optimal objective value: 0.0010204064447397743
