SIVAS GEMEREK - SIZIR Belediyesi Seçilen Mahalleler

c_SIZIR-KOPRUBASI_MAH. = 0.5346540798906572
c_SIZIR-SUBASI_MAH. = 0.46534592010934284
x_SIZIR-KOPRUBASI_MAH. = 1.0
x_SIZIR-SUBASI_MAH. = 1.0

Optimal objective value: 1.5803826628912887e-05
