SIVAS ZARA Belediyesi Seçilen Mahalleler

c_KARSIYAKA_MAH. = 0.22202507677545882
c_KIZILIRMAK_MAH. = 0.7779749232245412
x_KARSIYAKA_MAH. = 1.0
x_KIZILIRMAK_MAH. = 1.0

Optimal objective value: 0.0004957322607578307
