SIVAS KANGAL Belediyesi Seçilen Mahalleler

c_KARSIYAKA_MAH. = 0.16879729555982892
c_SULARBASI_MAH. = 0.8312027044401711
x_KARSIYAKA_MAH. = 1.0
x_SULARBASI_MAH. = 1.0

Optimal objective value: 0.0011253703644783508
