SIVAS GEMEREK Belediyesi Seçilen Mahalleler

c_YENIDOGAN_MAH. = 0.6625007249073852
c_YUKARI_MAH. = 0.3374992750926148
x_YENIDOGAN_MAH. = 1.0
x_YUKARI_MAH. = 1.0

Optimal objective value: 0.00037021932362568677
