SIVAS AKINCILAR Belediyesi Seçilen Mahalleler

c_CUMHURIYET_MAH. = 0.4737129758213946
c_GONEN_MAH. = 0.5262870241786054
x_CUMHURIYET_MAH. = 1.0
x_GONEN_MAH. = 1.0

Optimal objective value: 0.0023083339837062233
