SIVAS GÜRÜN Belediyesi Seçilen Mahalleler

c_BOGAZICI_MAH. = 0.6583311515928781
c_PINARONU_MAH. = 0.34166884840712186
x_BOGAZICI_MAH. = 1.0
x_PINARONU_MAH. = 1.0

Optimal objective value: 0.0007972178941539898
