SIVAS ÞARKIÞLA - GÜRÇAYIR Belediyesi Seçilen Mahalleler

c_GURCAYIR-YENI_MAH. = 0.5115661182811218
c_GURCAYIR-CICEKLI_MAH. = 0.48843388171887825
x_GURCAYIR-YENI_MAH. = 1.0
x_GURCAYIR-CICEKLI_MAH. = 1.0

Optimal objective value: 0.0033692755695614585
