SIVAS SÝVAS MERKEZ Belediyesi Seçilen Mahalleler

c_ABDULVAHABIGAZI_MAH. = 0.6294774374644939
c_YENISEHIR_MAH. = 0.3705225625355061
x_ABDULVAHABIGAZI_MAH. = 1.0
x_YENISEHIR_MAH. = 1.0

Optimal objective value: 0.00021960021124212137
