SIVAS ÞARKIÞLA Belediyesi Seçilen Mahalleler

c_YUKARI_MAH. = 0.6434893984255136
c_ISTIKLAL_MAH. = 0.35651060157448644
x_YUKARI_MAH. = 1.0
x_ISTIKLAL_MAH. = 1.0

Optimal objective value: 0.0006910591395665744
