SIVAS YILDIZELÝ - GÜNEYKAYA Belediyesi Seçilen Mahalleler

c_GUNEYKAYA-AYDIN_MAH. = 0.4999778304585245
c_GUNEYKAYA-KARGIN_MAH. = 0.5000221695414755
x_GUNEYKAYA-AYDIN_MAH. = 1.0
x_GUNEYKAYA-KARGIN_MAH. = 1.0

Optimal objective value: 0.0009510537774487515
