SIVAS ÝMRANLI Belediyesi Seçilen Mahalleler

c_DURCAN_MAH. = 0.344545536203292
c_KARSIYAKA_MAH. = 0.655454463796708
x_DURCAN_MAH. = 1.0
x_KARSIYAKA_MAH. = 1.0

Optimal objective value: 0.0020731105946275585
