SIVAS ULAÞ Belediyesi Seçilen Mahalleler

c_ESENTEPE_MAH. = 0.28491184829168137
c_YESILYURT_MAH. = 0.7150881517083186
x_ESENTEPE_MAH. = 1.0
x_YESILYURT_MAH. = 1.0

Optimal objective value: 0.00947439717613352
