SIVAS ÞARKIÞLA - CEMEL Belediyesi Seçilen Mahalleler

c_CEMEL-BAHCELIEVLER_MAH. = 0.6067698495245663
c_CEMEL-KARSIYAKA_MAH. = 0.39323015047543375
x_CEMEL-BAHCELIEVLER_MAH. = 1.0
x_CEMEL-KARSIYAKA_MAH. = 1.0

Optimal objective value: 0.0007020973917076789
