SIVAS YILDIZELÝ Belediyesi Seçilen Mahalleler

c_KARSIYAKA_MAH. = 0.715142824418899
c_SELAMET_MAH. = 0.284857175581101
x_KARSIYAKA_MAH. = 1.0
x_SELAMET_MAH. = 1.0

Optimal objective value: 0.0008260219073887853
