SIVAS KOYULHÝSAR Belediyesi Seçilen Mahalleler

c_CAMIIKEBIR_MAH. = 0.7690705844322687
c_SUBASI_MAH. = 0.2309294155677313
x_CAMIIKEBIR_MAH. = 1.0
x_SUBASI_MAH. = 1.0

Optimal objective value: 0.00042506839652167727
