TEKIRDAG HAYRABOLU Belediyesi Seçilen Mahalleler

c_ATAKOY_MAH. = 0.2795747981905501
c_ISMAILLI_MAH. = 0.7204252018094499
x_ATAKOY_MAH. = 1.0
x_ISMAILLI_MAH. = 1.0

Optimal objective value: 0.0006867833704745641
