TEKIRDAG SARAY Belediyesi Seçilen Mahalleler

c_BEYAZKOY_MAH. = 0.2779664583131627
c_YENI_MAH. = 0.7220335416868373
x_BEYAZKOY_MAH. = 1.0
x_YENI_MAH. = 1.0

Optimal objective value: 0.0009970538433285991
