TEKIRDAG KAPAKLI Belediyesi Seçilen Mahalleler

c_CUMHURIYET_MAH. = 0.7544803578368726
c_INONU_MAH. = 0.24551964216312744
x_CUMHURIYET_MAH. = 1.0
x_INONU_MAH. = 1.0

Optimal objective value: 0.0008692400081911078
