TEKIRDAG ERGENE Belediyesi Seçilen Mahalleler

c_BAKIRCA_MAH. = 0.5725038365062773
c_VELIMESE_MAH. = 0.4274961634937227
x_BAKIRCA_MAH. = 1.0
x_VELIMESE_MAH. = 1.0

Optimal objective value: 0.001281453067703775
