TEKIRDAG MURATLI Belediyesi Seçilen Mahalleler

c_MURADIYE_MAH. = 0.524535319846656
c_ISTIKLAL_KURTPINAR_MAH. = 0.47546468015334403
x_MURADIYE_MAH. = 1.0
x_ISTIKLAL_KURTPINAR_MAH. = 1.0

Optimal objective value: 0.0006477698089356609
