TEKIRDAG MARMARAEREÐLÝSÝ Belediyesi Seçilen Mahalleler

c_DEREAGZI_MAH. = 0.5665007880575629
c_YENICIFTLIK_MAH. = 0.4334992119424371
x_DEREAGZI_MAH. = 1.0
x_YENICIFTLIK_MAH. = 1.0

Optimal objective value: 0.0004891629623207105
