TEKIRDAG ÞARKÖY Belediyesi Seçilen Mahalleler

c_KIZILCATERZI_MAH. = 0.8206953351233541
c_YAYAKOY_MAH. = 0.17930466487664587
x_KIZILCATERZI_MAH. = 1.0
x_YAYAKOY_MAH. = 1.0

Optimal objective value: 0.0006382602110166502
