TEKIRDAG MALKARA Belediyesi Seçilen Mahalleler

c_CAMI_ATIK_MAH. = 0.892717264847405
c_IBRIBEY_MAH. = 0.10728273515259502
x_CAMI_ATIK_MAH. = 1.0
x_IBRIBEY_MAH. = 1.0

Optimal objective value: 0.00047018963807266
