TEKIRDAG SÜLEYMANPAÞA Belediyesi Seçilen Mahalleler

c_DEDECIK_MAH. = 0.6871699105452138
c_SELCUK_MAH. = 0.31283008945478613
x_DEDECIK_MAH. = 1.0
x_SELCUK_MAH. = 1.0

Optimal objective value: 0.0006373375583991203
