TEKIRDAG ÇERKEZKÖY Belediyesi Seçilen Mahalleler

c_BAGLIK_MAH. = 0.5413628247015794
c_GAZI_MUSTAFA_KEMALPASA_MAH. = 0.4586371752984207
x_BAGLIK_MAH. = 1.0
x_GAZI_MUSTAFA_KEMALPASA_MAH. = 1.0

Optimal objective value: 0.001384714276257193
