TEKIRDAG ÇORLU Belediyesi Seçilen Mahalleler

c_ALIPASA_MAH. = 0.8426229768633802
c_SILAHTARAGA_MAH. = 0.15737702313661978
x_ALIPASA_MAH. = 1.0
x_SILAHTARAGA_MAH. = 1.0

Optimal objective value: 0.0009404433084346797
