TOKAT REÞADÝYE - BEREKETLÝ Belediyesi Seçilen Mahalleler

c_BEREKETLI-HEBULLU_MAH. = 0.17893272462926024
c_BEREKETLI-KAYALIK_MAH. = 0.8210672753707398
x_BEREKETLI-HEBULLU_MAH. = 1.0
x_BEREKETLI-KAYALIK_MAH. = 1.0

Optimal objective value: 0.0006443842980214942
