TOKAT ERBAA - GÖKAL Belediyesi Seçilen Mahalleler

c_GOKAL-KARSIYAKA_MAH. = 0.49201749794325467
c_GOKAL-CERMIK_KAPLICA_MAH. = 0.5079825020567453
x_GOKAL-KARSIYAKA_MAH. = 1.0
x_GOKAL-CERMIK_KAPLICA_MAH. = 1.0

Optimal objective value: 0.0012022229313420896
