TOKAT ERBAA - KARAYAKA Belediyesi Seçilen Mahalleler

c_KARAYAKA-BAHCELIEVLER_MAH. = 0.17391825797549282
c_KARAYAKA-ORTA_MAH. = 0.8260817420245072
x_KARAYAKA-BAHCELIEVLER_MAH. = 1.0
x_KARAYAKA-ORTA_MAH. = 1.0

Optimal objective value: 0.00021721730646873105
