TOKAT SULUSARAY Belediyesi Seçilen Mahalleler

c_GAZIOSMANPASA_MAH. = 0.624454011885418
c_MENDERES_MAH. = 0.37554598811458195
x_GAZIOSMANPASA_MAH. = 1.0
x_MENDERES_MAH. = 1.0

Optimal objective value: 0.029046815623458677
