TOKAT ERBAA - TANOBA Belediyesi Seçilen Mahalleler

c_TANOBA-AKKOC_MAH. = 0.5489464277699849
c_TANOBA-BAHCELIEVLER_MAH. = 0.451053572230015
x_TANOBA-AKKOC_MAH. = 1.0
x_TANOBA-BAHCELIEVLER_MAH. = 1.0

Optimal objective value: 0.0003297792078023054
