TOKAT BAÞÇÝFTLÝK - HATÝPLÝ Belediyesi Seçilen Mahalleler

c_HATIPLI-FATIH_MAH. = 0.8806245995553496
c_HATIPLI-GENCOSMAN_MAH. = 0.11937540044465043
x_HATIPLI-FATIH_MAH. = 1.0
x_HATIPLI-GENCOSMAN_MAH. = 1.0

Optimal objective value: 0.03547877942140043
