TOKAT TURHAL - ÞENYURT Belediyesi Seçilen Mahalleler

c_SENYURT-ASARCIK_MAH. = 0.24125560701238935
c_SENYURT-ORTAKOY_MAH. = 0.7587443929876106
x_SENYURT-ASARCIK_MAH. = 1.0
x_SENYURT-ORTAKOY_MAH. = 1.0

Optimal objective value: 9.335709789271007e-05
