TOKAT NÝKSAR - SERENLÝ Belediyesi Seçilen Mahalleler

c_SERENLI-GAZI_OSMAN_PASA_MAH. = 0.5715891904157206
c_SERENLI-TAMLAR_MAH. = 0.42841080958427935
x_SERENLI-GAZI_OSMAN_PASA_MAH. = 1.0
x_SERENLI-TAMLAR_MAH. = 1.0

Optimal objective value: 0.00026368425043066246
