TOKAT TOKAT MERKEZ Belediyesi Seçilen Mahalleler

c_AKDEGIRMEN_MAH. = 0.8075432531950677
c_YESILOVA_MAH. = 0.1924567468049323
x_AKDEGIRMEN_MAH. = 1.0
x_YESILOVA_MAH. = 1.0

Optimal objective value: 0.00030127615992214807
