TOKAT ALMUS - ATAKÖY Belediyesi Seçilen Mahalleler

c_ATAKOY-ATA_MAH. = 0.6085425093583264
c_ATAKOY-KATRANLIK_MAH. = 0.39145749064167357
x_ATAKOY-ATA_MAH. = 1.0
x_ATAKOY-KATRANLIK_MAH. = 1.0

Optimal objective value: 0.0006725024873868168
