TOKAT YEÞÝLYURT Belediyesi Seçilen Mahalleler

c_GAZIOSMANPASA_MAH. = 0.6124155186578282
c_TURKMENLER_MAH. = 0.3875844813421718
x_GAZIOSMANPASA_MAH. = 1.0
x_TURKMENLER_MAH. = 1.0

Optimal objective value: 0.03872235878781738
