TOKAT REÞADÝYE Belediyesi Seçilen Mahalleler

c_KAYALIK_MAH. = 0.1468033662504672
c_OSMANIYE_MAH. = 0.8531966337495328
x_KAYALIK_MAH. = 1.0
x_OSMANIYE_MAH. = 1.0

Optimal objective value: 0.029546851388169593
