TOKAT REÞADÝYE - BAYDARLI Belediyesi Seçilen Mahalleler

c_BAYDARLI-MEDRESE_MAH. = 0.29554962308458665
c_BAYDARLI-YUKSELIS_MAH. = 0.7044503769154133
x_BAYDARLI-MEDRESE_MAH. = 1.0
x_BAYDARLI-YUKSELIS_MAH. = 1.0

Optimal objective value: 0.0009384186414127527
