TOKAT ALMUS - KINIK Belediyesi Seçilen Mahalleler

c_KINIK-GEVREK_MAH. = 0.5376332539597999
c_KINIK-KURTULUS_MAH. = 0.4623667460402001
x_KINIK-GEVREK_MAH. = 1.0
x_KINIK-KURTULUS_MAH. = 1.0

Optimal objective value: 0.012595592903587582
