TOKAT BAÞÇÝFTLÝK Belediyesi Seçilen Mahalleler

c_GENCOSMAN_MAH. = 0.6158016543934399
c_KARACAOREN_ASIROGLU_MAH. = 0.38419834560656
x_GENCOSMAN_MAH. = 1.0
x_KARACAOREN_ASIROGLU_MAH. = 1.0

Optimal objective value: 8.588164030554069e-05
