TOKAT ARTOVA Belediyesi Seçilen Mahalleler

c_KIZILCA_MAH. = 0.5014247815526902
c_ISTASYON_MAH. = 0.49857521844730973
x_KIZILCA_MAH. = 1.0
x_ISTASYON_MAH. = 1.0

Optimal objective value: 9.576807489364292e-05
