TOKAT NÝKSAR - GÖKÇELÝ Belediyesi Seçilen Mahalleler

c_GOKCELI-YAKINCA_MAH. = 0.38859420110650644
c_GOKCELI-YENI_MAH. = 0.6114057988934936
x_GOKCELI-YAKINCA_MAH. = 1.0
x_GOKCELI-YENI_MAH. = 1.0

Optimal objective value: 0.00023170395058214055
