TOKAT NÝKSAR - YAZICIK Belediyesi Seçilen Mahalleler

c_YAZICIK-KULTUR_MAH. = 0.5560874206399329
c_YAZICIK-YESILCAM_MAH. = 0.4439125793600671
x_YAZICIK-KULTUR_MAH. = 1.0
x_YAZICIK-YESILCAM_MAH. = 1.0

Optimal objective value: 0.13717174367514517
