TOKAT REÞADÝYE - BOZÇALI Belediyesi Seçilen Mahalleler

c_BOZCALI-ISIKLAR_MAH. = 0.5495869656189237
c_BOZCALI-ORTA_MAH. = 0.45041303438107627
x_BOZCALI-ISIKLAR_MAH. = 1.0
x_BOZCALI-ORTA_MAH. = 1.0

Optimal objective value: 0.0020873900632408793
