TOKAT NÝKSAR Belediyesi Seçilen Mahalleler

c_50.YIL_MAH. = 0.5404010574277567
c_KILICARSLAN_MAH. = 0.4595989425722434
x_50.YIL_MAH. = 1.0
x_KILICARSLAN_MAH. = 1.0

Optimal objective value: 0.000586253325196795
