TOKAT ERBAA Belediyesi Seçilen Mahalleler

c_FATIHSULTANMEHMET_MAH. = 0.4347390364357936
c_YAVUZSULTANSELIM_MAH. = 0.5652609635642064
x_FATIHSULTANMEHMET_MAH. = 1.0
x_YAVUZSULTANSELIM_MAH. = 1.0

Optimal objective value: 0.0006066714396413264
