TOKAT TURHAL Belediyesi Seçilen Mahalleler

c_OSMANGAZI_MAH. = 0.33153333607194524
c_YAVUZ_SELIM_MAH. = 0.6684666639280548
x_OSMANGAZI_MAH. = 1.0
x_YAVUZ_SELIM_MAH. = 1.0

Optimal objective value: 0.0009335571062446535
