TOKAT TOKAT MERKEZ - ÇAT Belediyesi Seçilen Mahalleler

c_CAT-CUMHURIYET_MAH. = 0.46307897924610375
c_CAT-KARSIYAKA_MAH. = 0.5369210207538962
x_CAT-CUMHURIYET_MAH. = 1.0
x_CAT-KARSIYAKA_MAH. = 1.0

Optimal objective value: 0.00926174372611277
