TRABZON TONYA Belediyesi Seçilen Mahalleler

c_BUYUK_MAH. = 0.4173803326811958
c_MELIKSAH_MAH. = 0.5826196673188042
x_BUYUK_MAH. = 1.0
x_MELIKSAH_MAH. = 1.0

Optimal objective value: 0.0002980262091843988
