TRABZON DERNEKPAZARI Belediyesi Seçilen Mahalleler

c_GULEN_MAH. = 0.2322154168877012
c_TUFEKCI_MAH. = 0.7677845831122988
x_GULEN_MAH. = 1.0
x_TUFEKCI_MAH. = 1.0

Optimal objective value: 0.0062023551096799245
