TRABZON VAKFIKEBÝR Belediyesi Seçilen Mahalleler

c_DUZLUK_MAH. = 0.3044598967212938
c_KIRAZLIK_MAH. = 0.6955401032787062
x_DUZLUK_MAH. = 1.0
x_KIRAZLIK_MAH. = 1.0

Optimal objective value: 0.000923225803145522
