TRABZON ÇARÞIBAÞI Belediyesi Seçilen Mahalleler

c_KADIKOY_MAH. = 0.49463267300225944
c_TASLITEPE_MAH. = 0.5053673269977406
x_KADIKOY_MAH. = 1.0
x_TASLITEPE_MAH. = 1.0

Optimal objective value: 0.00063376016883121
