TRABZON YOMRA Belediyesi Seçilen Mahalleler

c_DEMIRCILER_MAH. = 0.3504428192117657
c_CAMLICA_MAH. = 0.6495571807882343
x_DEMIRCILER_MAH. = 1.0
x_CAMLICA_MAH. = 1.0

Optimal objective value: 0.000384466639824943
