TRABZON SÜRMENE Belediyesi Seçilen Mahalleler

c_USTUNDAL_MAH. = 0.35118952703661266
c_UZUMLU_MAH. = 0.6488104729633873
x_USTUNDAL_MAH. = 1.0
x_UZUMLU_MAH. = 1.0

Optimal objective value: 0.0031345465187316846
