TRABZON ARAKLI Belediyesi Seçilen Mahalleler

c_KAYAICI_MAH. = 0.48903938420819026
c_YESILCE_MAH. = 0.5109606157918097
x_KAYAICI_MAH. = 1.0
x_YESILCE_MAH. = 1.0

Optimal objective value: 0.0008936642903387693
