TRABZON BEÞÝKDÜZÜ Belediyesi Seçilen Mahalleler

c_VARDALLI_MAH. = 0.4653366513185324
c_YENICAMI_MAH. = 0.5346633486814676
x_VARDALLI_MAH. = 1.0
x_YENICAMI_MAH. = 1.0

Optimal objective value: 0.0009986245018094309
