TRABZON ÞALPAZARI Belediyesi Seçilen Mahalleler

c_KASIMAGZI_MAH. = 0.2541019638675378
c_SAYVANCATAK_MAH. = 0.7458980361324622
x_KASIMAGZI_MAH. = 1.0
x_SAYVANCATAK_MAH. = 1.0

Optimal objective value: 0.003990918740852667
