TRABZON AKÇAABAT Belediyesi Seçilen Mahalleler

c_AGACLI_MAH. = 0.2663035119685986
c_YILDIZLI_MAH. = 0.7336964880314014
x_AGACLI_MAH. = 1.0
x_YILDIZLI_MAH. = 1.0

Optimal objective value: 0.0005434325329365386
