TRABZON MAÇKA Belediyesi Seçilen Mahalleler

c_YUZUNCUYIL_MAH. = 0.7762146385193233
c_CIRALI_MAH. = 0.22378536148067674
x_YUZUNCUYIL_MAH. = 1.0
x_CIRALI_MAH. = 1.0

Optimal objective value: 0.0002284367341979232
