TRABZON ORTAHÝSAR Belediyesi Seçilen Mahalleler

c_1_NOLU_BESIRLI_MAH. = 0.12766310034018125
c_COMLEKCI_MAH. = 0.8723368996598188
x_1_NOLU_BESIRLI_MAH. = 1.0
x_COMLEKCI_MAH. = 1.0

Optimal objective value: 0.0004666316069608101
