TRABZON ÇAYKARA Belediyesi Seçilen Mahalleler

c_KARACAM_MAH. = 0.1596583965063597
c_YUKARIKUMLU_MAH. = 0.8403416034936403
x_KARACAM_MAH. = 1.0
x_YUKARIKUMLU_MAH. = 1.0

Optimal objective value: 0.004298112286332145
