TRABZON OF Belediyesi Seçilen Mahalleler

c_ULUAGAC_MAH. = 0.31596578431790534
c_YANIKTAS_MAH. = 0.6840342156820947
x_ULUAGAC_MAH. = 1.0
x_YANIKTAS_MAH. = 1.0

Optimal objective value: 0.003527140228285486
