TUNCELI MAZGÝRT - AKPAZAR Belediyesi Seçilen Mahalleler

c_AKPAZAR-KUSCU_MAH. = 0.7860626536433966
c_AKPAZAR-CARSIBASI_MAH. = 0.21393734635660344
x_AKPAZAR-KUSCU_MAH. = 1.0
x_AKPAZAR-CARSIBASI_MAH. = 1.0

Optimal objective value: 0.007803011876683086
