TUNCELI ÇEMÝÞGEZEK Belediyesi Seçilen Mahalleler

c_TEPEBASI_MAH. = 0.3935543921248474
c_YENIMAHALLE_MAH. = 0.6064456078751526
x_TEPEBASI_MAH. = 1.0
x_YENIMAHALLE_MAH. = 1.0

Optimal objective value: 0.0005514345535259091
