TUNCELI OVACIK Belediyesi Seçilen Mahalleler

c_94_MAHALLESI_MAH. = 0.4126028747997881
c_KANDOLAR_MAH. = 0.5873971252002119
x_94_MAHALLESI_MAH. = 1.0
x_KANDOLAR_MAH. = 1.0

Optimal objective value: 0.0008675957556038005
