TUNCELI TUNCELÝ MERKEZ Belediyesi Seçilen Mahalleler

c_ATATURK_MAH. = 0.365439227650072
c_MOGULTAY_MAH. = 0.634560772349928
x_ATATURK_MAH. = 1.0
x_MOGULTAY_MAH. = 1.0

Optimal objective value: 0.010948545297662982
