TUNCELI MAZGÝRT Belediyesi Seçilen Mahalleler

c_ELTIHATUN_MAH. = 0.11533101764222717
c_YENI_MAH. = 0.8846689823577728
x_ELTIHATUN_MAH. = 1.0
x_YENI_MAH. = 1.0

Optimal objective value: 0.0921175492348616
