TUNCELI PERTEK Belediyesi Seçilen Mahalleler

c_SOGUKPINAR_MAH. = 0.33651660008578843
c_ISTIKLAL_MAH. = 0.6634833999142116
x_SOGUKPINAR_MAH. = 1.0
x_ISTIKLAL_MAH. = 1.0

Optimal objective value: 0.0010197570607257678
