USAK SÝVASLI Belediyesi Seçilen Mahalleler

c_GOLBAHCE_MAH. = 0.6193282489533045
c_KONAK_MAH. = 0.3806717510466955
x_GOLBAHCE_MAH. = 1.0
x_KONAK_MAH. = 1.0

Optimal objective value: 0.00021238262841238864
