USAK SÝVASLI - PINARBAÞI Belediyesi Seçilen Mahalleler

c_PINARBASI-FATIH_MAH. = 0.5302748896401935
c_PINARBASI-PINAR_MAH. = 0.46972511035980624
x_PINARBASI-FATIH_MAH. = 1.0
x_PINARBASI-PINAR_MAH. = 1.0

Optimal objective value: 1.5093251912401406e-05
