USAK SÝVASLI - TATAR Belediyesi Seçilen Mahalleler

c_TATAR-ATATURK_MAH. = 0.476852658983695
c_TATAR-DEDEBALLAR_MAH. = 0.523147341016305
x_TATAR-ATATURK_MAH. = 1.0
x_TATAR-DEDEBALLAR_MAH. = 1.0

Optimal objective value: 0.00016360558060224406
