USAK EÞME - YELEÐEN Belediyesi Seçilen Mahalleler

c_YELEGEN-HURRIYET_MAH. = 0.5429059835568977
c_YELEGEN-ISTIKLAL_MAH. = 0.4570940164431024
x_YELEGEN-HURRIYET_MAH. = 1.0
x_YELEGEN-ISTIKLAL_MAH. = 1.0

Optimal objective value: 0.0001577978625477705
