USAK UÞAK MERKEZ Belediyesi Seçilen Mahalleler

c_ATATURK_MAH. = 0.6693644514344642
c_OZDEMIR_MAH. = 0.3306355485655358
x_ATATURK_MAH. = 1.0
x_OZDEMIR_MAH. = 1.0

Optimal objective value: 0.0008000140043266102
