USAK ULUBEY Belediyesi Seçilen Mahalleler

c_GOLBASI_MAH. = 0.9378998171008602
c_UYUKBASI_MAH. = 0.062100182899139766
x_GOLBASI_MAH. = 1.0
x_UYUKBASI_MAH. = 1.0

Optimal objective value: 0.00020590676891285575
