USAK BANAZ Belediyesi Seçilen Mahalleler

c_CUMHURIYET_MAH. = 0.6740933338617621
c_SEHITLER_MAH. = 0.325906666138238
x_CUMHURIYET_MAH. = 1.0
x_SEHITLER_MAH. = 1.0

Optimal objective value: 0.000537430691921803
