VAN BAÞKALE Belediyesi Seçilen Mahalleler

c_AKCALI_MAH. = 0.413382193767926
c_YUKARIDIKMEN_MAH. = 0.5866178062320739
x_AKCALI_MAH. = 1.0
x_YUKARIDIKMEN_MAH. = 1.0

Optimal objective value: 0.00023287860290110984
