VAN ÝPEKYOLU Belediyesi Seçilen Mahalleler

c_AKTAS_MAH. = 0.6609249170561791
c_YUKARIGUNEYCE_MAH. = 0.3390750829438209
x_AKTAS_MAH. = 1.0
x_YUKARIGUNEYCE_MAH. = 1.0

Optimal objective value: 0.0009454533718397107
