VAN ÖZALP Belediyesi Seçilen Mahalleler

c_KARGALI_MAH. = 0.28238853904868333
c_KIRKCALI_MAH. = 0.7176114609513167
x_KARGALI_MAH. = 1.0
x_KIRKCALI_MAH. = 1.0

Optimal objective value: 8.237821985224159e-05
