VAN BAHÇESARAY Belediyesi Seçilen Mahalleler

c_AKYAYLA_MAH. = 0.3558239847178102
c_KASIKCILAR_MAH. = 0.6441760152821898
x_AKYAYLA_MAH. = 1.0
x_KASIKCILAR_MAH. = 1.0

Optimal objective value: 0.00045529246437603366
