VAN ÇALDIRAN Belediyesi Seçilen Mahalleler

c_ASAGIKUYUCAK_MAH. = 0.4189594043858099
c_BEZIRHANE_MAH. = 0.5810405956141901
x_ASAGIKUYUCAK_MAH. = 1.0
x_BEZIRHANE_MAH. = 1.0

Optimal objective value: 0.00023742529203873985
