VAN SARAY Belediyesi Seçilen Mahalleler

c_KEKIKDUZU_MAH. = 0.5967390405382174
c_SIRIMLI_MAH. = 0.40326095946178264
x_KEKIKDUZU_MAH. = 1.0
x_SIRIMLI_MAH. = 1.0

Optimal objective value: 0.0005063688284530077
