VAN GÜRPINAR Belediyesi Seçilen Mahalleler

c_AKBULUT_MAH. = 0.6921617321007321
c_CAKINLI_MAH. = 0.3078382678992679
x_AKBULUT_MAH. = 1.0
x_CAKINLI_MAH. = 1.0

Optimal objective value: 0.0005300888958273964
