VAN EDREMÝT Belediyesi Seçilen Mahalleler

c_DILKAYA_MAH. = 0.41712062372431513
c_KAVURMA_MAH. = 0.5828793762756849
x_DILKAYA_MAH. = 1.0
x_KAVURMA_MAH. = 1.0

Optimal objective value: 0.0009744129272812874
