VAN TUÞBA Belediyesi Seçilen Mahalleler

c_ABDURRAHMAN_GAZI_MAH. = 0.15429299215654257
c_YAYLIYAKA_MAH. = 0.8457070078434574
x_ABDURRAHMAN_GAZI_MAH. = 1.0
x_YAYLIYAKA_MAH. = 1.0

Optimal objective value: 0.0007600421116004119
