VAN MURADÝYE Belediyesi Seçilen Mahalleler

c_OVAPINAR_MAH. = 0.9522366429939756
c_SEHITMEHMETBEY_MAH. = 0.04776335700602445
x_OVAPINAR_MAH. = 1.0
x_SEHITMEHMETBEY_MAH. = 1.0

Optimal objective value: 0.0007738542723936259
