YALOVA YALOVA MERKEZ - KADIKÖY Belediyesi Seçilen Mahalleler

c_KADIKOY-MERKEZ_MAH. = 0.7819578924055577
c_KADIKOY-OZDEN_MAH. = 0.21804210759440468
x_KADIKOY-MERKEZ_MAH. = 1.0
x_KADIKOY-OZDEN_MAH. = 1.0

Optimal objective value: 0.0010417423500632683
