YALOVA ALTINOVA Belediyesi Seçilen Mahalleler

c_CUMHURIYET_MAH. = 0.5049210575725975
c_HURRIYET_MAH. = 0.4950789424274024
x_CUMHURIYET_MAH. = 1.0
x_HURRIYET_MAH. = 1.0

Optimal objective value: 6.24421649221274e-05
