YALOVA ÇINARCIK - ESENKÖY Belediyesi Seçilen Mahalleler

c_ESENKOY-ALIYE_HANIM_MAH. = 0.46389064165336613
c_ESENKOY-LIMAN_MAH. = 0.5361093583466339
x_ESENKOY-ALIYE_HANIM_MAH. = 1.0
x_ESENKOY-LIMAN_MAH. = 1.0

Optimal objective value: 1.0904574012760015e-05
