YALOVA ARMUTLU Belediyesi Seçilen Mahalleler

c_BAYIR_MAH. = 0.5767596606823931
c_KARSIYAKA_MAH. = 0.42324033931760685
x_BAYIR_MAH. = 1.0
x_KARSIYAKA_MAH. = 1.0

Optimal objective value: 0.0001845145830089434
