YALOVA ÇINARCIK - KORU Belediyesi Seçilen Mahalleler

c_KORU-CUMHURIYET_MAH. = 0.696310457043075
c_KORU-HURRIYET_MAH. = 0.30368954295692496
x_KORU-CUMHURIYET_MAH. = 1.0
x_KORU-HURRIYET_MAH. = 1.0

Optimal objective value: 0.0008197259858370165
