YALOVA YALOVA MERKEZ Belediyesi Seçilen Mahalleler

c_BAHCELIEVLER_MAH. = 0.17772100293202742
c_DERE_MAH. = 0.8222789970679726
x_BAHCELIEVLER_MAH. = 1.0
x_DERE_MAH. = 1.0

Optimal objective value: 0.0006441390961404725
