YALOVA TERMAL Belediyesi Seçilen Mahalleler

c_GOKCEDERE_MAH. = 0.6237385101461977
c_UVEZPINAR_MAH. = 0.37626148985380403
x_GOKCEDERE_MAH. = 1.0
x_UVEZPINAR_MAH. = 1.0

Optimal objective value: 1.7832041108389873e-05
