YALOVA ALTINOVA - SUBAÞI Belediyesi Seçilen Mahalleler

c_SUBASI-DENIZGOREN_MAH. = 0.7563319826565658
c_SUBASI-MERKEZ_MAH. = 0.24366801734343424
x_SUBASI-DENIZGOREN_MAH. = 1.0
x_SUBASI-MERKEZ_MAH. = 1.0

Optimal objective value: 0.0009468942238473055
