YALOVA ÇINARCIK Belediyesi Seçilen Mahalleler

c_TASLIMAN_MAH. = 0.2539713375002147
c_CAMLIK_MAH. = 0.7460286624997853
x_TASLIMAN_MAH. = 1.0
x_CAMLIK_MAH. = 1.0

Optimal objective value: 0.0004020090563161549
