YOZGAT YOZGAT MERKEZ Belediyesi Seçilen Mahalleler

c_AGAHEFENDI_MAH. = 0.7573482870042659
c_MEDRESE_MAH. = 0.2426517129957341
x_AGAHEFENDI_MAH. = 1.0
x_MEDRESE_MAH. = 1.0

Optimal objective value: 0.035081750249309596
