YOZGAT AKDAÐMADENÝ - UMUTLU Belediyesi Seçilen Mahalleler

c_UMUTLU-KALE_MAH. = 0.6185480815786715
c_UMUTLU-UMUT_MAH. = 0.38145191842132853
x_UMUTLU-KALE_MAH. = 1.0
x_UMUTLU-UMUT_MAH. = 1.0

Optimal objective value: 0.010280308140799832
