YOZGAT SORGUN - GÜLÞEHRÝ Belediyesi Seçilen Mahalleler

c_GULSEHRI-FARASLI_MAH. = 0.4876114711102544
c_GULSEHRI-KESER_MAH. = 0.5123885288897456
x_GULSEHRI-FARASLI_MAH. = 1.0
x_GULSEHRI-KESER_MAH. = 1.0

Optimal objective value: 0.12892578098227042
