YOZGAT ÇANDIR Belediyesi Seçilen Mahalleler

c_BARBOROS_MAH. = 0.4750698288316716
c_YENIMEYDAN_MAH. = 0.5249301711683284
x_BARBOROS_MAH. = 1.0
x_YENIMEYDAN_MAH. = 1.0

Optimal objective value: 0.0005498303084879863
