YOZGAT YERKÖY Belediyesi Seçilen Mahalleler

c_100.YIL_MAH. = 0.516212740221315
c_VEFI_PANDIR_MAH. = 0.4837872597786849
x_100.YIL_MAH. = 1.0
x_VEFI_PANDIR_MAH. = 1.0

Optimal objective value: 0.0001463085617092741
