YOZGAT AYDINCIK Belediyesi Seçilen Mahalleler

c_BASTURK_MAH. = 0.3887118926325933
c_DANLIDAG_MAH. = 0.6112881073674067
x_BASTURK_MAH. = 1.0
x_DANLIDAG_MAH. = 1.0

Optimal objective value: 0.0015968474537367827
