YOZGAT SORGUN - ARAPLI Belediyesi Seçilen Mahalleler

c_ARAPLI-GUZEL_YURT_MAH. = 0.9009050363294344
c_ARAPLI-YAYCILAR_MAH. = 0.09909496367056564
x_ARAPLI-GUZEL_YURT_MAH. = 1.0
x_ARAPLI-YAYCILAR_MAH. = 1.0

Optimal objective value: 0.000704560400973886
