YOZGAT ÇEKEREK Belediyesi Seçilen Mahalleler

c_BAHCELIEVLER_MAH. = 0.8445713875967293
c_SEYIT_AHMET_MAH. = 0.1554286124032706
x_BAHCELIEVLER_MAH. = 1.0
x_SEYIT_AHMET_MAH. = 1.0

Optimal objective value: 0.0008951902134591849
