YOZGAT SORGUN - BAHADIN Belediyesi Seçilen Mahalleler

c_BAHADIN-AYDINLAR_MAH. = 0.40114942590262237
c_BAHADIN-SALUR_MAH. = 0.5988505740973776
x_BAHADIN-AYDINLAR_MAH. = 1.0
x_BAHADIN-SALUR_MAH. = 1.0

Optimal objective value: 0.18938484151972457
