YOZGAT ÞEFAATLÝ Belediyesi Seçilen Mahalleler

c_BAHCELIEVLER_MAH. = 0.4938801612197875
c_BAGLARBASI_MAH. = 0.5061198387802125
x_BAHCELIEVLER_MAH. = 1.0
x_BAGLARBASI_MAH. = 1.0

Optimal objective value: 0.000868765285477191
