YOZGAT BOÐAZLIYAN Belediyesi Seçilen Mahalleler

c_BAHCELER_MAH. = 0.12945014223410067
c_BAGLARBASI_MAH. = 0.8705498577658993
x_BAHCELER_MAH. = 1.0
x_BAGLARBASI_MAH. = 1.0

Optimal objective value: 0.00032192348392567904
