YOZGAT SARAYKENT - OZAN Belediyesi Seçilen Mahalleler

c_OZAN-CUMHURIYET_MAH. = 0.5031021561793938
c_OZAN-MERKEZ_MAH. = 0.49689784382060564
x_OZAN-CUMHURIYET_MAH. = 1.0
x_OZAN-MERKEZ_MAH. = 1.0

Optimal objective value: 1.9528822712500116e-05
