YOZGAT SORGUN - YENÝYER Belediyesi Seçilen Mahalleler

c_YENIYER-AHMETFAKILI_MAH. = 0.4092620581157883
c_YENIYER-KARAKIZ_MAH. = 0.5907379418842117
x_YENIYER-AHMETFAKILI_MAH. = 1.0
x_YENIYER-KARAKIZ_MAH. = 1.0

Optimal objective value: 0.00034133079043285885
