YOZGAT SORGUN Belediyesi Seçilen Mahalleler

c_AGAHEFENDI_MAH. = 0.47109355873684433
c_KARSIYAKA_MAH. = 0.5289064412631557
x_AGAHEFENDI_MAH. = 1.0
x_KARSIYAKA_MAH. = 1.0

Optimal objective value: 0.00014152298590353052
