YOZGAT SORGUN - EYMÝR Belediyesi Seçilen Mahalleler

c_EYMIR-AKOCAK_MAH. = 0.01627265938868261
c_EYMIR-KARSIYAKA_MAH. = 0.9837273406113174
x_EYMIR-AKOCAK_MAH. = 1.0
x_EYMIR-KARSIYAKA_MAH. = 1.0

Optimal objective value: 0.0008501436616770164
