YOZGAT KADIÞEHRÝ Belediyesi Seçilen Mahalleler

c_LUTFULLAH_KAYALAR_MAH. = 0.20707802946744702
c_CAYPINAR_MAH. = 0.792921970532553
x_LUTFULLAH_KAYALAR_MAH. = 1.0
x_CAYPINAR_MAH. = 1.0

Optimal objective value: 0.00015342520256045322
