YOZGAT BOÐAZLIYAN - UZUNLU Belediyesi Seçilen Mahalleler

c_UZUNLU-KOC_MAH. = 0.7110770647865987
c_UZUNLU-YENIDOGAN_MAH. = 0.2889229352134013
x_UZUNLU-KOC_MAH. = 1.0
x_UZUNLU-YENIDOGAN_MAH. = 1.0

Optimal objective value: 0.0006298248846818844
