YOZGAT BOÐAZLIYAN - SIRÇALI Belediyesi Seçilen Mahalleler

c_SIRCALI-FATIH_MAH. = 0.42738441283495093
c_SIRCALI-MEVLANA_MAH. = 0.5726155871650492
x_SIRCALI-FATIH_MAH. = 1.0
x_SIRCALI-MEVLANA_MAH. = 1.0

Optimal objective value: 2.3638380053370156e-07
