YOZGAT SARIKAYA - KARAYAKUP Belediyesi Seçilen Mahalleler

c_KARAYAKUP-MERKEZ_MAH. = 0.5785185822476784
c_KARAYAKUP-TERZILI_MAH. = 0.42148141775232156
x_KARAYAKUP-MERKEZ_MAH. = 1.0
x_KARAYAKUP-TERZILI_MAH. = 1.0

Optimal objective value: 0.0014315749839214353
