YOZGAT AKDAÐMADENÝ Belediyesi Seçilen Mahalleler

c_AHISHAVI_MAH. = 0.7093839234602706
c_YESILTEPE_MAH. = 0.2906160765397295
x_AHISHAVI_MAH. = 1.0
x_YESILTEPE_MAH. = 1.0

Optimal objective value: 0.0007462923449247372
