YOZGAT AKDAÐMADENÝ - OLUKÖZÜ Belediyesi Seçilen Mahalleler

c_OLUKOZU-KONACI_MAH. = 0.38163757511282453
c_OLUKOZU-MERKEZ_MAH. = 0.6183624248871754
x_OLUKOZU-KONACI_MAH. = 1.0
x_OLUKOZU-MERKEZ_MAH. = 1.0

Optimal objective value: 4.000598864961624e-06
