YOZGAT SARAYKENT Belediyesi Seçilen Mahalleler

c_GULDIBI_MAH. = 0.31065873214316664
c_KARSIYAKA_MAH. = 0.6893412678568334
x_GULDIBI_MAH. = 1.0
x_KARSIYAKA_MAH. = 1.0

Optimal objective value: 0.0011909672550404204
