YOZGAT BOÐAZLIYAN - YAMAÇLI Belediyesi Seçilen Mahalleler

c_YAMACLI-YESIL_MAH. = 0.537828061078976
c_YAMACLI-ZAFER_MAH. = 0.46217193892102404
x_YAMACLI-YESIL_MAH. = 1.0
x_YAMACLI-ZAFER_MAH. = 1.0

Optimal objective value: 0.0036190595283666083
