YOZGAT BOÐAZLIYAN - YENÝPAZAR Belediyesi Seçilen Mahalleler

c_YENIPAZAR-YARAS_MAH. = 0.47529462242543363
c_YENIPAZAR-OMERLI_MAH. = 0.5247053775745664
x_YENIPAZAR-YARAS_MAH. = 1.0
x_YENIPAZAR-OMERLI_MAH. = 1.0

Optimal objective value: 0.00039741436733220503
