ZONGULDAK KÝLÝMLÝ Belediyesi Seçilen Mahalleler

c_BELEDIYE_SITESI_MAH. = 0.6073763148389315
c_MERKEZ_MAH. = 0.39262368516106855
x_BELEDIYE_SITESI_MAH. = 1.0
x_MERKEZ_MAH. = 1.0

Optimal objective value: 0.0011120763635443787
