ZONGULDAK KÝLÝMLÝ - GELÝK Belediyesi Seçilen Mahalleler

c_GELIK-AYICI_MERKEZ_MAH. = 0.6718923334845476
c_GELIK-KIRAT_MAH. = 0.3281076665154524
x_GELIK-AYICI_MERKEZ_MAH. = 1.0
x_GELIK-KIRAT_MAH. = 1.0

Optimal objective value: 0.0014567050726246311
