ZONGULDAK ÇAYCUMA - PERÞEMBE Belediyesi Seçilen Mahalleler

c_PERSEMBE-MERKEZ_MAH. = 0.8049894228662857
c_PERSEMBE-SARI_KADI_MAH. = 0.19501057713371434
x_PERSEMBE-MERKEZ_MAH. = 1.0
x_PERSEMBE-SARI_KADI_MAH. = 1.0

Optimal objective value: 0.00022526960150992537
