ZONGULDAK GÖKÇEBEY Belediyesi Seçilen Mahalleler

c_UCBURGU_MAH. = 0.2307392073418505
c_ISTASYON_MAH. = 0.7692607926581495
x_UCBURGU_MAH. = 1.0
x_ISTASYON_MAH. = 1.0

Optimal objective value: 0.0012957924802228238
