ZONGULDAK ALAPLI - GÜMELÝ Belediyesi Seçilen Mahalleler

c_GUMELI-KALE_MAH. = 0.23096075851318854
c_GUMELI-MERKEZ_MAH. = 0.7690392414868115
x_GUMELI-KALE_MAH. = 1.0
x_GUMELI-MERKEZ_MAH. = 1.0

Optimal objective value: 0.03817767183231069
