ZONGULDAK EREÐLÝ - GÜLÜÇ Belediyesi Seçilen Mahalleler

c_GULUC-BEKYERI_MAH. = 0.2660366692859938
c_GULUC-MERKEZ_MAH. = 0.7339633307140062
x_GULUC-BEKYERI_MAH. = 1.0
x_GULUC-MERKEZ_MAH. = 1.0

Optimal objective value: 0.0018530357248774942
