ZONGULDAK EREÐLÝ - ORMANLI Belediyesi Seçilen Mahalleler

c_ORMANLI-MERKEZ_MAH. = 0.4257712308306536
c_ORMANLI-SARIKAYA_MAH. = 0.5742287691693464
x_ORMANLI-MERKEZ_MAH. = 1.0
x_ORMANLI-SARIKAYA_MAH. = 1.0

Optimal objective value: 0.006331829682208023
