ZONGULDAK ÇAYCUMA Belediyesi Seçilen Mahalleler

c_PEHLIVANLAR_MAH. = 0.7683920792387742
c_YENI_MAH. = 0.23160792076122586
x_PEHLIVANLAR_MAH. = 1.0
x_YENI_MAH. = 1.0

Optimal objective value: 0.0002812046061000384
