ZONGULDAK ZONGULDAK MERKEZ Belediyesi Seçilen Mahalleler

c_ON_TEMMUZ_MAH. = 0.4288267974241434
c_YENI_MAH. = 0.5711732025758566
x_ON_TEMMUZ_MAH. = 1.0
x_YENI_MAH. = 1.0

Optimal objective value: 0.0005002487525969102
