ZONGULDAK EREÐLÝ Belediyesi Seçilen Mahalleler

c_AKARCA_MAH. = 0.20511790158110232
c_OMERLI_MAH. = 0.7948820984188977
x_AKARCA_MAH. = 1.0
x_OMERLI_MAH. = 1.0

Optimal objective value: 0.0003583231223527328
