ZONGULDAK KOZLU Belediyesi Seçilen Mahalleler

c_19_MAYIS_MAH. = 0.547595726560228
c_GUNEY_MAH. = 0.45240427343977196
x_19_MAYIS_MAH. = 1.0
x_GUNEY_MAH. = 1.0

Optimal objective value: 0.0009435272211623102
