ZONGULDAK KÝLÝMLÝ - MUSLU Belediyesi Seçilen Mahalleler

c_MUSLU-CUMHURIYET_MAH. = 0.30585035528125915
c_MUSLU-MERKEZ_MAH. = 0.6941496447187409
x_MUSLU-CUMHURIYET_MAH. = 1.0
x_MUSLU-MERKEZ_MAH. = 1.0

Optimal objective value: 0.0008699369320894768
